% # columns="iteration, evaluation, min 25%tile 75%tile max correlation, correlation matrix principal axes lengths  (sorted square roots of eigenvalues of correlation matrix)", seed=91562, Sun Jun 21 09:08:42 2026
1 14 -0.010131910513084182 -0.001994510372598156 0.0021854138208495335 0.01093877181331901 0.9754108392355323 0.9852267192211875 0.9890691674220985 0.9932975752648143 0.9945179899354473 0.9952158002255198 0.9957468022030863 0.9962163230816455 0.9965506658033404 0.9967748700331135 0.9972124595700563 0.9977771714691542 0.9980134049027727 0.9984572414438345 0.9989817691352021 0.999185341422321 0.9992331613624238 0.9994512497996895 0.999701177743468 1.0003579008985544 1.000498352615404 1.0005765856986315 1.0006959230490073 1.001259257903301 1.00166411318148 1.001692201490443 1.004980401502476 1.0072034469852944 1.0121831411093074 1.0131747161758766 1.0198067114476512 1.028503270863248
2 28 -0.010131910513084182 -0.001994510372598156 0.0021854138208495335 0.01093877181331901 0.9754108392355323 0.9852267192211875 0.9890691674220985 0.9932975752648143 0.9945179899354473 0.9952158002255198 0.9957468022030863 0.9962163230816455 0.9965506658033404 0.9967748700331135 0.9972124595700563 0.9977771714691542 0.9980134049027727 0.9984572414438345 0.9989817691352021 0.999185341422321 0.9992331613624238 0.9994512497996895 0.999701177743468 1.0003579008985544 1.000498352615404 1.0005765856986315 1.0006959230490073 1.001259257903301 1.00166411318148 1.001692201490443 1.004980401502476 1.0072034469852944 1.0121831411093074 1.0131747161758766 1.0198067114476512 1.028503270863248
3 42 -0.010131910513084182 -0.001994510372598156 0.0021854138208495335 0.01093877181331901 0.9754108392355323 0.9852267192211875 0.9890691674220985 0.9932975752648143 0.9945179899354473 0.9952158002255198 0.9957468022030863 0.9962163230816455 0.9965506658033404 0.9967748700331135 0.9972124595700563 0.9977771714691542 0.9980134049027727 0.9984572414438345 0.9989817691352021 0.999185341422321 0.9992331613624238 0.9994512497996895 0.999701177743468 1.0003579008985544 1.000498352615404 1.0005765856986315 1.0006959230490073 1.001259257903301 1.00166411318148 1.001692201490443 1.004980401502476 1.0072034469852944 1.0121831411093074 1.0131747161758766 1.0198067114476512 1.028503270863248
4 56 -0.010131910513084182 -0.001994510372598156 0.0021854138208495335 0.01093877181331901 0.9754108392355323 0.9852267192211875 0.9890691674220985 0.9932975752648143 0.9945179899354473 0.9952158002255198 0.9957468022030863 0.9962163230816455 0.9965506658033404 0.9967748700331135 0.9972124595700563 0.9977771714691542 0.9980134049027727 0.9984572414438345 0.9989817691352021 0.999185341422321 0.9992331613624238 0.9994512497996895 0.999701177743468 1.0003579008985544 1.000498352615404 1.0005765856986315 1.0006959230490073 1.001259257903301 1.00166411318148 1.001692201490443 1.004980401502476 1.0072034469852944 1.0121831411093074 1.0131747161758766 1.0198067114476512 1.028503270863248
5 70 -0.010131910513084182 -0.001994510372598156 0.0021854138208495335 0.01093877181331901 0.9754108392355323 0.9852267192211875 0.9890691674220985 0.9932975752648143 0.9945179899354473 0.9952158002255198 0.9957468022030863 0.9962163230816455 0.9965506658033404 0.9967748700331135 0.9972124595700563 0.9977771714691542 0.9980134049027727 0.9984572414438345 0.9989817691352021 0.999185341422321 0.9992331613624238 0.9994512497996895 0.999701177743468 1.0003579008985544 1.000498352615404 1.0005765856986315 1.0006959230490073 1.001259257903301 1.00166411318148 1.001692201490443 1.004980401502476 1.0072034469852944 1.0121831411093074 1.0131747161758766 1.0198067114476512 1.028503270863248
6 84 -0.010131910513084182 -0.001994510372598156 0.0021854138208495335 0.01093877181331901 0.9754108392355323 0.9852267192211875 0.9890691674220985 0.9932975752648143 0.9945179899354473 0.9952158002255198 0.9957468022030863 0.9962163230816455 0.9965506658033404 0.9967748700331135 0.9972124595700563 0.9977771714691542 0.9980134049027727 0.9984572414438345 0.9989817691352021 0.999185341422321 0.9992331613624238 0.9994512497996895 0.999701177743468 1.0003579008985544 1.000498352615404 1.0005765856986315 1.0006959230490073 1.001259257903301 1.00166411318148 1.001692201490443 1.004980401502476 1.0072034469852944 1.0121831411093074 1.0131747161758766 1.0198067114476512 1.028503270863248
7 98 -0.010131910513084182 -0.001994510372598156 0.0021854138208495335 0.01093877181331901 0.9754108392355323 0.9852267192211875 0.9890691674220985 0.9932975752648143 0.9945179899354473 0.9952158002255198 0.9957468022030863 0.9962163230816455 0.9965506658033404 0.9967748700331135 0.9972124595700563 0.9977771714691542 0.9980134049027727 0.9984572414438345 0.9989817691352021 0.999185341422321 0.9992331613624238 0.9994512497996895 0.999701177743468 1.0003579008985544 1.000498352615404 1.0005765856986315 1.0006959230490073 1.001259257903301 1.00166411318148 1.001692201490443 1.004980401502476 1.0072034469852944 1.0121831411093074 1.0131747161758766 1.0198067114476512 1.028503270863248
8 112 -0.010131910513084182 -0.001994510372598156 0.0021854138208495335 0.01093877181331901 0.9754108392355323 0.9852267192211875 0.9890691674220985 0.9932975752648143 0.9945179899354473 0.9952158002255198 0.9957468022030863 0.9962163230816455 0.9965506658033404 0.9967748700331135 0.9972124595700563 0.9977771714691542 0.9980134049027727 0.9984572414438345 0.9989817691352021 0.999185341422321 0.9992331613624238 0.9994512497996895 0.999701177743468 1.0003579008985544 1.000498352615404 1.0005765856986315 1.0006959230490073 1.001259257903301 1.00166411318148 1.001692201490443 1.004980401502476 1.0072034469852944 1.0121831411093074 1.0131747161758766 1.0198067114476512 1.028503270863248
9 126 -0.010131910513084182 -0.001994510372598156 0.0021854138208495335 0.01093877181331901 0.9754108392355323 0.9852267192211875 0.9890691674220985 0.9932975752648143 0.9945179899354473 0.9952158002255198 0.9957468022030863 0.9962163230816455 0.9965506658033404 0.9967748700331135 0.9972124595700563 0.9977771714691542 0.9980134049027727 0.9984572414438345 0.9989817691352021 0.999185341422321 0.9992331613624238 0.9994512497996895 0.999701177743468 1.0003579008985544 1.000498352615404 1.0005765856986315 1.0006959230490073 1.001259257903301 1.00166411318148 1.001692201490443 1.004980401502476 1.0072034469852944 1.0121831411093074 1.0131747161758766 1.0198067114476512 1.028503270863248
10 140 -0.010131910513084182 -0.001994510372598156 0.0021854138208495335 0.01093877181331901 0.9754108392355323 0.9852267192211875 0.9890691674220985 0.9932975752648143 0.9945179899354473 0.9952158002255198 0.9957468022030863 0.9962163230816455 0.9965506658033404 0.9967748700331135 0.9972124595700563 0.9977771714691542 0.9980134049027727 0.9984572414438345 0.9989817691352021 0.999185341422321 0.9992331613624238 0.9994512497996895 0.999701177743468 1.0003579008985544 1.000498352615404 1.0005765856986315 1.0006959230490073 1.001259257903301 1.00166411318148 1.001692201490443 1.004980401502476 1.0072034469852944 1.0121831411093074 1.0131747161758766 1.0198067114476512 1.028503270863248
11 154 -0.010131910513084182 -0.001994510372598156 0.0021854138208495335 0.01093877181331901 0.9754108392355323 0.9852267192211875 0.9890691674220985 0.9932975752648143 0.9945179899354473 0.9952158002255198 0.9957468022030863 0.9962163230816455 0.9965506658033404 0.9967748700331135 0.9972124595700563 0.9977771714691542 0.9980134049027727 0.9984572414438345 0.9989817691352021 0.999185341422321 0.9992331613624238 0.9994512497996895 0.999701177743468 1.0003579008985544 1.000498352615404 1.0005765856986315 1.0006959230490073 1.001259257903301 1.00166411318148 1.001692201490443 1.004980401502476 1.0072034469852944 1.0121831411093074 1.0131747161758766 1.0198067114476512 1.028503270863248
12 168 -0.010131910513084182 -0.001994510372598156 0.0021854138208495335 0.01093877181331901 0.9754108392355323 0.9852267192211875 0.9890691674220985 0.9932975752648143 0.9945179899354473 0.9952158002255198 0.9957468022030863 0.9962163230816455 0.9965506658033404 0.9967748700331135 0.9972124595700563 0.9977771714691542 0.9980134049027727 0.9984572414438345 0.9989817691352021 0.999185341422321 0.9992331613624238 0.9994512497996895 0.999701177743468 1.0003579008985544 1.000498352615404 1.0005765856986315 1.0006959230490073 1.001259257903301 1.00166411318148 1.001692201490443 1.004980401502476 1.0072034469852944 1.0121831411093074 1.0131747161758766 1.0198067114476512 1.028503270863248
13 182 -0.010131910513084182 -0.001994510372598156 0.0021854138208495335 0.01093877181331901 0.9754108392355323 0.9852267192211875 0.9890691674220985 0.9932975752648143 0.9945179899354473 0.9952158002255198 0.9957468022030863 0.9962163230816455 0.9965506658033404 0.9967748700331135 0.9972124595700563 0.9977771714691542 0.9980134049027727 0.9984572414438345 0.9989817691352021 0.999185341422321 0.9992331613624238 0.9994512497996895 0.999701177743468 1.0003579008985544 1.000498352615404 1.0005765856986315 1.0006959230490073 1.001259257903301 1.00166411318148 1.001692201490443 1.004980401502476 1.0072034469852944 1.0121831411093074 1.0131747161758766 1.0198067114476512 1.028503270863248
14 196 -0.010131910513084182 -0.001994510372598156 0.0021854138208495335 0.01093877181331901 0.9754108392355323 0.9852267192211875 0.9890691674220985 0.9932975752648143 0.9945179899354473 0.9952158002255198 0.9957468022030863 0.9962163230816455 0.9965506658033404 0.9967748700331135 0.9972124595700563 0.9977771714691542 0.9980134049027727 0.9984572414438345 0.9989817691352021 0.999185341422321 0.9992331613624238 0.9994512497996895 0.999701177743468 1.0003579008985544 1.000498352615404 1.0005765856986315 1.0006959230490073 1.001259257903301 1.00166411318148 1.001692201490443 1.004980401502476 1.0072034469852944 1.0121831411093074 1.0131747161758766 1.0198067114476512 1.028503270863248
15 210 -0.010131910513084182 -0.001994510372598156 0.0021854138208495335 0.01093877181331901 0.9754108392355323 0.9852267192211875 0.9890691674220985 0.9932975752648143 0.9945179899354473 0.9952158002255198 0.9957468022030863 0.9962163230816455 0.9965506658033404 0.9967748700331135 0.9972124595700563 0.9977771714691542 0.9980134049027727 0.9984572414438345 0.9989817691352021 0.999185341422321 0.9992331613624238 0.9994512497996895 0.999701177743468 1.0003579008985544 1.000498352615404 1.0005765856986315 1.0006959230490073 1.001259257903301 1.00166411318148 1.001692201490443 1.004980401502476 1.0072034469852944 1.0121831411093074 1.0131747161758766 1.0198067114476512 1.028503270863248
16 224 -0.010131910513084182 -0.001994510372598156 0.0021854138208495335 0.01093877181331901 0.9754108392355323 0.9852267192211875 0.9890691674220985 0.9932975752648143 0.9945179899354473 0.9952158002255198 0.9957468022030863 0.9962163230816455 0.9965506658033404 0.9967748700331135 0.9972124595700563 0.9977771714691542 0.9980134049027727 0.9984572414438345 0.9989817691352021 0.999185341422321 0.9992331613624238 0.9994512497996895 0.999701177743468 1.0003579008985544 1.000498352615404 1.0005765856986315 1.0006959230490073 1.001259257903301 1.00166411318148 1.001692201490443 1.004980401502476 1.0072034469852944 1.0121831411093074 1.0131747161758766 1.0198067114476512 1.028503270863248
17 238 -0.010131910513084182 -0.001994510372598156 0.0021854138208495335 0.01093877181331901 0.9754108392355323 0.9852267192211875 0.9890691674220985 0.9932975752648143 0.9945179899354473 0.9952158002255198 0.9957468022030863 0.9962163230816455 0.9965506658033404 0.9967748700331135 0.9972124595700563 0.9977771714691542 0.9980134049027727 0.9984572414438345 0.9989817691352021 0.999185341422321 0.9992331613624238 0.9994512497996895 0.999701177743468 1.0003579008985544 1.000498352615404 1.0005765856986315 1.0006959230490073 1.001259257903301 1.00166411318148 1.001692201490443 1.004980401502476 1.0072034469852944 1.0121831411093074 1.0131747161758766 1.0198067114476512 1.028503270863248
18 252 -0.010131910513084182 -0.001994510372598156 0.0021854138208495335 0.01093877181331901 0.9754108392355323 0.9852267192211875 0.9890691674220985 0.9932975752648143 0.9945179899354473 0.9952158002255198 0.9957468022030863 0.9962163230816455 0.9965506658033404 0.9967748700331135 0.9972124595700563 0.9977771714691542 0.9980134049027727 0.9984572414438345 0.9989817691352021 0.999185341422321 0.9992331613624238 0.9994512497996895 0.999701177743468 1.0003579008985544 1.000498352615404 1.0005765856986315 1.0006959230490073 1.001259257903301 1.00166411318148 1.001692201490443 1.004980401502476 1.0072034469852944 1.0121831411093074 1.0131747161758766 1.0198067114476512 1.028503270863248
19 266 -0.010131910513084182 -0.001994510372598156 0.0021854138208495335 0.01093877181331901 0.9754108392355323 0.9852267192211875 0.9890691674220985 0.9932975752648143 0.9945179899354473 0.9952158002255198 0.9957468022030863 0.9962163230816455 0.9965506658033404 0.9967748700331135 0.9972124595700563 0.9977771714691542 0.9980134049027727 0.9984572414438345 0.9989817691352021 0.999185341422321 0.9992331613624238 0.9994512497996895 0.999701177743468 1.0003579008985544 1.000498352615404 1.0005765856986315 1.0006959230490073 1.001259257903301 1.00166411318148 1.001692201490443 1.004980401502476 1.0072034469852944 1.0121831411093074 1.0131747161758766 1.0198067114476512 1.028503270863248
20 280 -0.010131910513084182 -0.001994510372598156 0.0021854138208495335 0.01093877181331901 0.9754108392355323 0.9852267192211875 0.9890691674220985 0.9932975752648143 0.9945179899354473 0.9952158002255198 0.9957468022030863 0.9962163230816455 0.9965506658033404 0.9967748700331135 0.9972124595700563 0.9977771714691542 0.9980134049027727 0.9984572414438345 0.9989817691352021 0.999185341422321 0.9992331613624238 0.9994512497996895 0.999701177743468 1.0003579008985544 1.000498352615404 1.0005765856986315 1.0006959230490073 1.001259257903301 1.00166411318148 1.001692201490443 1.004980401502476 1.0072034469852944 1.0121831411093074 1.0131747161758766 1.0198067114476512 1.028503270863248
21 294 -0.010131910513084182 -0.001994510372598156 0.0021854138208495335 0.01093877181331901 0.9754108392355323 0.9852267192211875 0.9890691674220985 0.9932975752648143 0.9945179899354473 0.9952158002255198 0.9957468022030863 0.9962163230816455 0.9965506658033404 0.9967748700331135 0.9972124595700563 0.9977771714691542 0.9980134049027727 0.9984572414438345 0.9989817691352021 0.999185341422321 0.9992331613624238 0.9994512497996895 0.999701177743468 1.0003579008985544 1.000498352615404 1.0005765856986315 1.0006959230490073 1.001259257903301 1.00166411318148 1.001692201490443 1.004980401502476 1.0072034469852944 1.0121831411093074 1.0131747161758766 1.0198067114476512 1.028503270863248
22 308 -0.010131910513084182 -0.001994510372598156 0.0021854138208495335 0.01093877181331901 0.9754108392355323 0.9852267192211875 0.9890691674220985 0.9932975752648143 0.9945179899354473 0.9952158002255198 0.9957468022030863 0.9962163230816455 0.9965506658033404 0.9967748700331135 0.9972124595700563 0.9977771714691542 0.9980134049027727 0.9984572414438345 0.9989817691352021 0.999185341422321 0.9992331613624238 0.9994512497996895 0.999701177743468 1.0003579008985544 1.000498352615404 1.0005765856986315 1.0006959230490073 1.001259257903301 1.00166411318148 1.001692201490443 1.004980401502476 1.0072034469852944 1.0121831411093074 1.0131747161758766 1.0198067114476512 1.028503270863248
23 322 -0.010131910513084182 -0.001994510372598156 0.0021854138208495335 0.01093877181331901 0.9754108392355323 0.9852267192211875 0.9890691674220985 0.9932975752648143 0.9945179899354473 0.9952158002255198 0.9957468022030863 0.9962163230816455 0.9965506658033404 0.9967748700331135 0.9972124595700563 0.9977771714691542 0.9980134049027727 0.9984572414438345 0.9989817691352021 0.999185341422321 0.9992331613624238 0.9994512497996895 0.999701177743468 1.0003579008985544 1.000498352615404 1.0005765856986315 1.0006959230490073 1.001259257903301 1.00166411318148 1.001692201490443 1.004980401502476 1.0072034469852944 1.0121831411093074 1.0131747161758766 1.0198067114476512 1.028503270863248
24 336 -0.010131910513084182 -0.001994510372598156 0.0021854138208495335 0.01093877181331901 0.9754108392355323 0.9852267192211875 0.9890691674220985 0.9932975752648143 0.9945179899354473 0.9952158002255198 0.9957468022030863 0.9962163230816455 0.9965506658033404 0.9967748700331135 0.9972124595700563 0.9977771714691542 0.9980134049027727 0.9984572414438345 0.9989817691352021 0.999185341422321 0.9992331613624238 0.9994512497996895 0.999701177743468 1.0003579008985544 1.000498352615404 1.0005765856986315 1.0006959230490073 1.001259257903301 1.00166411318148 1.001692201490443 1.004980401502476 1.0072034469852944 1.0121831411093074 1.0131747161758766 1.0198067114476512 1.028503270863248
25 350 -0.010131910513084182 -0.001994510372598156 0.0021854138208495335 0.01093877181331901 0.9754108392355323 0.9852267192211875 0.9890691674220985 0.9932975752648143 0.9945179899354473 0.9952158002255198 0.9957468022030863 0.9962163230816455 0.9965506658033404 0.9967748700331135 0.9972124595700563 0.9977771714691542 0.9980134049027727 0.9984572414438345 0.9989817691352021 0.999185341422321 0.9992331613624238 0.9994512497996895 0.999701177743468 1.0003579008985544 1.000498352615404 1.0005765856986315 1.0006959230490073 1.001259257903301 1.00166411318148 1.001692201490443 1.004980401502476 1.0072034469852944 1.0121831411093074 1.0131747161758766 1.0198067114476512 1.028503270863248
26 364 -0.010131910513084182 -0.001994510372598156 0.0021854138208495335 0.01093877181331901 0.9754108392355323 0.9852267192211875 0.9890691674220985 0.9932975752648143 0.9945179899354473 0.9952158002255198 0.9957468022030863 0.9962163230816455 0.9965506658033404 0.9967748700331135 0.9972124595700563 0.9977771714691542 0.9980134049027727 0.9984572414438345 0.9989817691352021 0.999185341422321 0.9992331613624238 0.9994512497996895 0.999701177743468 1.0003579008985544 1.000498352615404 1.0005765856986315 1.0006959230490073 1.001259257903301 1.00166411318148 1.001692201490443 1.004980401502476 1.0072034469852944 1.0121831411093074 1.0131747161758766 1.0198067114476512 1.028503270863248
27 378 -0.010131910513084182 -0.001994510372598156 0.0021854138208495335 0.01093877181331901 0.9754108392355323 0.9852267192211875 0.9890691674220985 0.9932975752648143 0.9945179899354473 0.9952158002255198 0.9957468022030863 0.9962163230816455 0.9965506658033404 0.9967748700331135 0.9972124595700563 0.9977771714691542 0.9980134049027727 0.9984572414438345 0.9989817691352021 0.999185341422321 0.9992331613624238 0.9994512497996895 0.999701177743468 1.0003579008985544 1.000498352615404 1.0005765856986315 1.0006959230490073 1.001259257903301 1.00166411318148 1.001692201490443 1.004980401502476 1.0072034469852944 1.0121831411093074 1.0131747161758766 1.0198067114476512 1.028503270863248
28 392 -0.010131910513084182 -0.001994510372598156 0.0021854138208495335 0.01093877181331901 0.9754108392355323 0.9852267192211875 0.9890691674220985 0.9932975752648143 0.9945179899354473 0.9952158002255198 0.9957468022030863 0.9962163230816455 0.9965506658033404 0.9967748700331135 0.9972124595700563 0.9977771714691542 0.9980134049027727 0.9984572414438345 0.9989817691352021 0.999185341422321 0.9992331613624238 0.9994512497996895 0.999701177743468 1.0003579008985544 1.000498352615404 1.0005765856986315 1.0006959230490073 1.001259257903301 1.00166411318148 1.001692201490443 1.004980401502476 1.0072034469852944 1.0121831411093074 1.0131747161758766 1.0198067114476512 1.028503270863248
29 406 -0.010131910513084182 -0.001994510372598156 0.0021854138208495335 0.01093877181331901 0.9754108392355323 0.9852267192211875 0.9890691674220985 0.9932975752648143 0.9945179899354473 0.9952158002255198 0.9957468022030863 0.9962163230816455 0.9965506658033404 0.9967748700331135 0.9972124595700563 0.9977771714691542 0.9980134049027727 0.9984572414438345 0.9989817691352021 0.999185341422321 0.9992331613624238 0.9994512497996895 0.999701177743468 1.0003579008985544 1.000498352615404 1.0005765856986315 1.0006959230490073 1.001259257903301 1.00166411318148 1.001692201490443 1.004980401502476 1.0072034469852944 1.0121831411093074 1.0131747161758766 1.0198067114476512 1.028503270863248
30 420 -0.010131910513084182 -0.001994510372598156 0.0021854138208495335 0.01093877181331901 0.9754108392355323 0.9852267192211875 0.9890691674220985 0.9932975752648143 0.9945179899354473 0.9952158002255198 0.9957468022030863 0.9962163230816455 0.9965506658033404 0.9967748700331135 0.9972124595700563 0.9977771714691542 0.9980134049027727 0.9984572414438345 0.9989817691352021 0.999185341422321 0.9992331613624238 0.9994512497996895 0.999701177743468 1.0003579008985544 1.000498352615404 1.0005765856986315 1.0006959230490073 1.001259257903301 1.00166411318148 1.001692201490443 1.004980401502476 1.0072034469852944 1.0121831411093074 1.0131747161758766 1.0198067114476512 1.028503270863248
31 434 -0.010131910513084182 -0.001994510372598156 0.0021854138208495335 0.01093877181331901 0.9754108392355323 0.9852267192211875 0.9890691674220985 0.9932975752648143 0.9945179899354473 0.9952158002255198 0.9957468022030863 0.9962163230816455 0.9965506658033404 0.9967748700331135 0.9972124595700563 0.9977771714691542 0.9980134049027727 0.9984572414438345 0.9989817691352021 0.999185341422321 0.9992331613624238 0.9994512497996895 0.999701177743468 1.0003579008985544 1.000498352615404 1.0005765856986315 1.0006959230490073 1.001259257903301 1.00166411318148 1.001692201490443 1.004980401502476 1.0072034469852944 1.0121831411093074 1.0131747161758766 1.0198067114476512 1.028503270863248
32 448 -0.010131910513084182 -0.001994510372598156 0.0021854138208495335 0.01093877181331901 0.9754108392355323 0.9852267192211875 0.9890691674220985 0.9932975752648143 0.9945179899354473 0.9952158002255198 0.9957468022030863 0.9962163230816455 0.9965506658033404 0.9967748700331135 0.9972124595700563 0.9977771714691542 0.9980134049027727 0.9984572414438345 0.9989817691352021 0.999185341422321 0.9992331613624238 0.9994512497996895 0.999701177743468 1.0003579008985544 1.000498352615404 1.0005765856986315 1.0006959230490073 1.001259257903301 1.00166411318148 1.001692201490443 1.004980401502476 1.0072034469852944 1.0121831411093074 1.0131747161758766 1.0198067114476512 1.028503270863248
33 462 -0.09568360534055848 -0.018935262303523607 0.02019551549536589 0.0974365232343419 0.6672013759871215 0.8728603656940623 0.8929613133278594 0.9066699407266133 0.9189965813334215 0.936554708605178 0.9412389608671525 0.9490880040220021 0.9599371756392863 0.9646303342110752 0.9708066336330331 0.975862319998504 0.9823650631297774 0.9895009293813618 0.9963210522403003 1.0013153147895466 1.0072622452341289 1.0093063774622826 1.0123629611465437 1.0162020726219594 1.028473692248822 1.0303793610449004 1.0410418786018043 1.053159034826116 1.0591543969510382 1.0676743981514576 1.071765246748955 1.0896044977843007 1.0943852464876376 1.1108339732899675 1.1179579018447179 1.1387024038145237
34 476 -0.09568360534055848 -0.018935262303523607 0.02019551549536589 0.0974365232343419 0.6672013759871215 0.8728603656940623 0.8929613133278594 0.9066699407266133 0.9189965813334215 0.936554708605178 0.9412389608671525 0.9490880040220021 0.9599371756392863 0.9646303342110752 0.9708066336330331 0.975862319998504 0.9823650631297774 0.9895009293813618 0.9963210522403003 1.0013153147895466 1.0072622452341289 1.0093063774622826 1.0123629611465437 1.0162020726219594 1.028473692248822 1.0303793610449004 1.0410418786018043 1.053159034826116 1.0591543969510382 1.0676743981514576 1.071765246748955 1.0896044977843007 1.0943852464876376 1.1108339732899675 1.1179579018447179 1.1387024038145237
35 490 -0.09568360534055848 -0.018935262303523607 0.02019551549536589 0.0974365232343419 0.6672013759871215 0.8728603656940623 0.8929613133278594 0.9066699407266133 0.9189965813334215 0.936554708605178 0.9412389608671525 0.9490880040220021 0.9599371756392863 0.9646303342110752 0.9708066336330331 0.975862319998504 0.9823650631297774 0.9895009293813618 0.9963210522403003 1.0013153147895466 1.0072622452341289 1.0093063774622826 1.0123629611465437 1.0162020726219594 1.028473692248822 1.0303793610449004 1.0410418786018043 1.053159034826116 1.0591543969510382 1.0676743981514576 1.071765246748955 1.0896044977843007 1.0943852464876376 1.1108339732899675 1.1179579018447179 1.1387024038145237
36 504 -0.09568360534055848 -0.018935262303523607 0.02019551549536589 0.0974365232343419 0.6672013759871215 0.8728603656940623 0.8929613133278594 0.9066699407266133 0.9189965813334215 0.936554708605178 0.9412389608671525 0.9490880040220021 0.9599371756392863 0.9646303342110752 0.9708066336330331 0.975862319998504 0.9823650631297774 0.9895009293813618 0.9963210522403003 1.0013153147895466 1.0072622452341289 1.0093063774622826 1.0123629611465437 1.0162020726219594 1.028473692248822 1.0303793610449004 1.0410418786018043 1.053159034826116 1.0591543969510382 1.0676743981514576 1.071765246748955 1.0896044977843007 1.0943852464876376 1.1108339732899675 1.1179579018447179 1.1387024038145237
37 518 -0.09568360534055848 -0.018935262303523607 0.02019551549536589 0.0974365232343419 0.6672013759871215 0.8728603656940623 0.8929613133278594 0.9066699407266133 0.9189965813334215 0.936554708605178 0.9412389608671525 0.9490880040220021 0.9599371756392863 0.9646303342110752 0.9708066336330331 0.975862319998504 0.9823650631297774 0.9895009293813618 0.9963210522403003 1.0013153147895466 1.0072622452341289 1.0093063774622826 1.0123629611465437 1.0162020726219594 1.028473692248822 1.0303793610449004 1.0410418786018043 1.053159034826116 1.0591543969510382 1.0676743981514576 1.071765246748955 1.0896044977843007 1.0943852464876376 1.1108339732899675 1.1179579018447179 1.1387024038145237
38 532 -0.09568360534055848 -0.018935262303523607 0.02019551549536589 0.0974365232343419 0.6672013759871215 0.8728603656940623 0.8929613133278594 0.9066699407266133 0.9189965813334215 0.936554708605178 0.9412389608671525 0.9490880040220021 0.9599371756392863 0.9646303342110752 0.9708066336330331 0.975862319998504 0.9823650631297774 0.9895009293813618 0.9963210522403003 1.0013153147895466 1.0072622452341289 1.0093063774622826 1.0123629611465437 1.0162020726219594 1.028473692248822 1.0303793610449004 1.0410418786018043 1.053159034826116 1.0591543969510382 1.0676743981514576 1.071765246748955 1.0896044977843007 1.0943852464876376 1.1108339732899675 1.1179579018447179 1.1387024038145237
39 546 -0.09568360534055848 -0.018935262303523607 0.02019551549536589 0.0974365232343419 0.6672013759871215 0.8728603656940623 0.8929613133278594 0.9066699407266133 0.9189965813334215 0.936554708605178 0.9412389608671525 0.9490880040220021 0.9599371756392863 0.9646303342110752 0.9708066336330331 0.975862319998504 0.9823650631297774 0.9895009293813618 0.9963210522403003 1.0013153147895466 1.0072622452341289 1.0093063774622826 1.0123629611465437 1.0162020726219594 1.028473692248822 1.0303793610449004 1.0410418786018043 1.053159034826116 1.0591543969510382 1.0676743981514576 1.071765246748955 1.0896044977843007 1.0943852464876376 1.1108339732899675 1.1179579018447179 1.1387024038145237
40 560 -0.09568360534055848 -0.018935262303523607 0.02019551549536589 0.0974365232343419 0.6672013759871215 0.8728603656940623 0.8929613133278594 0.9066699407266133 0.9189965813334215 0.936554708605178 0.9412389608671525 0.9490880040220021 0.9599371756392863 0.9646303342110752 0.9708066336330331 0.975862319998504 0.9823650631297774 0.9895009293813618 0.9963210522403003 1.0013153147895466 1.0072622452341289 1.0093063774622826 1.0123629611465437 1.0162020726219594 1.028473692248822 1.0303793610449004 1.0410418786018043 1.053159034826116 1.0591543969510382 1.0676743981514576 1.071765246748955 1.0896044977843007 1.0943852464876376 1.1108339732899675 1.1179579018447179 1.1387024038145237
41 574 -0.09568360534055848 -0.018935262303523607 0.02019551549536589 0.0974365232343419 0.6672013759871215 0.8728603656940623 0.8929613133278594 0.9066699407266133 0.9189965813334215 0.936554708605178 0.9412389608671525 0.9490880040220021 0.9599371756392863 0.9646303342110752 0.9708066336330331 0.975862319998504 0.9823650631297774 0.9895009293813618 0.9963210522403003 1.0013153147895466 1.0072622452341289 1.0093063774622826 1.0123629611465437 1.0162020726219594 1.028473692248822 1.0303793610449004 1.0410418786018043 1.053159034826116 1.0591543969510382 1.0676743981514576 1.071765246748955 1.0896044977843007 1.0943852464876376 1.1108339732899675 1.1179579018447179 1.1387024038145237
42 588 -0.09568360534055848 -0.018935262303523607 0.02019551549536589 0.0974365232343419 0.6672013759871215 0.8728603656940623 0.8929613133278594 0.9066699407266133 0.9189965813334215 0.936554708605178 0.9412389608671525 0.9490880040220021 0.9599371756392863 0.9646303342110752 0.9708066336330331 0.975862319998504 0.9823650631297774 0.9895009293813618 0.9963210522403003 1.0013153147895466 1.0072622452341289 1.0093063774622826 1.0123629611465437 1.0162020726219594 1.028473692248822 1.0303793610449004 1.0410418786018043 1.053159034826116 1.0591543969510382 1.0676743981514576 1.071765246748955 1.0896044977843007 1.0943852464876376 1.1108339732899675 1.1179579018447179 1.1387024038145237
43 602 -0.09568360534055848 -0.018935262303523607 0.02019551549536589 0.0974365232343419 0.6672013759871215 0.8728603656940623 0.8929613133278594 0.9066699407266133 0.9189965813334215 0.936554708605178 0.9412389608671525 0.9490880040220021 0.9599371756392863 0.9646303342110752 0.9708066336330331 0.975862319998504 0.9823650631297774 0.9895009293813618 0.9963210522403003 1.0013153147895466 1.0072622452341289 1.0093063774622826 1.0123629611465437 1.0162020726219594 1.028473692248822 1.0303793610449004 1.0410418786018043 1.053159034826116 1.0591543969510382 1.0676743981514576 1.071765246748955 1.0896044977843007 1.0943852464876376 1.1108339732899675 1.1179579018447179 1.1387024038145237
44 616 -0.09568360534055848 -0.018935262303523607 0.02019551549536589 0.0974365232343419 0.6672013759871215 0.8728603656940623 0.8929613133278594 0.9066699407266133 0.9189965813334215 0.936554708605178 0.9412389608671525 0.9490880040220021 0.9599371756392863 0.9646303342110752 0.9708066336330331 0.975862319998504 0.9823650631297774 0.9895009293813618 0.9963210522403003 1.0013153147895466 1.0072622452341289 1.0093063774622826 1.0123629611465437 1.0162020726219594 1.028473692248822 1.0303793610449004 1.0410418786018043 1.053159034826116 1.0591543969510382 1.0676743981514576 1.071765246748955 1.0896044977843007 1.0943852464876376 1.1108339732899675 1.1179579018447179 1.1387024038145237
45 630 -0.09568360534055848 -0.018935262303523607 0.02019551549536589 0.0974365232343419 0.6672013759871215 0.8728603656940623 0.8929613133278594 0.9066699407266133 0.9189965813334215 0.936554708605178 0.9412389608671525 0.9490880040220021 0.9599371756392863 0.9646303342110752 0.9708066336330331 0.975862319998504 0.9823650631297774 0.9895009293813618 0.9963210522403003 1.0013153147895466 1.0072622452341289 1.0093063774622826 1.0123629611465437 1.0162020726219594 1.028473692248822 1.0303793610449004 1.0410418786018043 1.053159034826116 1.0591543969510382 1.0676743981514576 1.071765246748955 1.0896044977843007 1.0943852464876376 1.1108339732899675 1.1179579018447179 1.1387024038145237
46 644 -0.09568360534055848 -0.018935262303523607 0.02019551549536589 0.0974365232343419 0.6672013759871215 0.8728603656940623 0.8929613133278594 0.9066699407266133 0.9189965813334215 0.936554708605178 0.9412389608671525 0.9490880040220021 0.9599371756392863 0.9646303342110752 0.9708066336330331 0.975862319998504 0.9823650631297774 0.9895009293813618 0.9963210522403003 1.0013153147895466 1.0072622452341289 1.0093063774622826 1.0123629611465437 1.0162020726219594 1.028473692248822 1.0303793610449004 1.0410418786018043 1.053159034826116 1.0591543969510382 1.0676743981514576 1.071765246748955 1.0896044977843007 1.0943852464876376 1.1108339732899675 1.1179579018447179 1.1387024038145237
47 658 -0.09568360534055848 -0.018935262303523607 0.02019551549536589 0.0974365232343419 0.6672013759871215 0.8728603656940623 0.8929613133278594 0.9066699407266133 0.9189965813334215 0.936554708605178 0.9412389608671525 0.9490880040220021 0.9599371756392863 0.9646303342110752 0.9708066336330331 0.975862319998504 0.9823650631297774 0.9895009293813618 0.9963210522403003 1.0013153147895466 1.0072622452341289 1.0093063774622826 1.0123629611465437 1.0162020726219594 1.028473692248822 1.0303793610449004 1.0410418786018043 1.053159034826116 1.0591543969510382 1.0676743981514576 1.071765246748955 1.0896044977843007 1.0943852464876376 1.1108339732899675 1.1179579018447179 1.1387024038145237
48 672 -0.09568360534055848 -0.018935262303523607 0.02019551549536589 0.0974365232343419 0.6672013759871215 0.8728603656940623 0.8929613133278594 0.9066699407266133 0.9189965813334215 0.936554708605178 0.9412389608671525 0.9490880040220021 0.9599371756392863 0.9646303342110752 0.9708066336330331 0.975862319998504 0.9823650631297774 0.9895009293813618 0.9963210522403003 1.0013153147895466 1.0072622452341289 1.0093063774622826 1.0123629611465437 1.0162020726219594 1.028473692248822 1.0303793610449004 1.0410418786018043 1.053159034826116 1.0591543969510382 1.0676743981514576 1.071765246748955 1.0896044977843007 1.0943852464876376 1.1108339732899675 1.1179579018447179 1.1387024038145237
49 686 -0.09568360534055848 -0.018935262303523607 0.02019551549536589 0.0974365232343419 0.6672013759871215 0.8728603656940623 0.8929613133278594 0.9066699407266133 0.9189965813334215 0.936554708605178 0.9412389608671525 0.9490880040220021 0.9599371756392863 0.9646303342110752 0.9708066336330331 0.975862319998504 0.9823650631297774 0.9895009293813618 0.9963210522403003 1.0013153147895466 1.0072622452341289 1.0093063774622826 1.0123629611465437 1.0162020726219594 1.028473692248822 1.0303793610449004 1.0410418786018043 1.053159034826116 1.0591543969510382 1.0676743981514576 1.071765246748955 1.0896044977843007 1.0943852464876376 1.1108339732899675 1.1179579018447179 1.1387024038145237
50 700 -0.09568360534055848 -0.018935262303523607 0.02019551549536589 0.0974365232343419 0.6672013759871215 0.8728603656940623 0.8929613133278594 0.9066699407266133 0.9189965813334215 0.936554708605178 0.9412389608671525 0.9490880040220021 0.9599371756392863 0.9646303342110752 0.9708066336330331 0.975862319998504 0.9823650631297774 0.9895009293813618 0.9963210522403003 1.0013153147895466 1.0072622452341289 1.0093063774622826 1.0123629611465437 1.0162020726219594 1.028473692248822 1.0303793610449004 1.0410418786018043 1.053159034826116 1.0591543969510382 1.0676743981514576 1.071765246748955 1.0896044977843007 1.0943852464876376 1.1108339732899675 1.1179579018447179 1.1387024038145237
51 714 -0.09568360534055848 -0.018935262303523607 0.02019551549536589 0.0974365232343419 0.6672013759871215 0.8728603656940623 0.8929613133278594 0.9066699407266133 0.9189965813334215 0.936554708605178 0.9412389608671525 0.9490880040220021 0.9599371756392863 0.9646303342110752 0.9708066336330331 0.975862319998504 0.9823650631297774 0.9895009293813618 0.9963210522403003 1.0013153147895466 1.0072622452341289 1.0093063774622826 1.0123629611465437 1.0162020726219594 1.028473692248822 1.0303793610449004 1.0410418786018043 1.053159034826116 1.0591543969510382 1.0676743981514576 1.071765246748955 1.0896044977843007 1.0943852464876376 1.1108339732899675 1.1179579018447179 1.1387024038145237
52 728 -0.09568360534055848 -0.018935262303523607 0.02019551549536589 0.0974365232343419 0.6672013759871215 0.8728603656940623 0.8929613133278594 0.9066699407266133 0.9189965813334215 0.936554708605178 0.9412389608671525 0.9490880040220021 0.9599371756392863 0.9646303342110752 0.9708066336330331 0.975862319998504 0.9823650631297774 0.9895009293813618 0.9963210522403003 1.0013153147895466 1.0072622452341289 1.0093063774622826 1.0123629611465437 1.0162020726219594 1.028473692248822 1.0303793610449004 1.0410418786018043 1.053159034826116 1.0591543969510382 1.0676743981514576 1.071765246748955 1.0896044977843007 1.0943852464876376 1.1108339732899675 1.1179579018447179 1.1387024038145237
53 742 -0.09568360534055848 -0.018935262303523607 0.02019551549536589 0.0974365232343419 0.6672013759871215 0.8728603656940623 0.8929613133278594 0.9066699407266133 0.9189965813334215 0.936554708605178 0.9412389608671525 0.9490880040220021 0.9599371756392863 0.9646303342110752 0.9708066336330331 0.975862319998504 0.9823650631297774 0.9895009293813618 0.9963210522403003 1.0013153147895466 1.0072622452341289 1.0093063774622826 1.0123629611465437 1.0162020726219594 1.028473692248822 1.0303793610449004 1.0410418786018043 1.053159034826116 1.0591543969510382 1.0676743981514576 1.071765246748955 1.0896044977843007 1.0943852464876376 1.1108339732899675 1.1179579018447179 1.1387024038145237
54 756 -0.09568360534055848 -0.018935262303523607 0.02019551549536589 0.0974365232343419 0.6672013759871215 0.8728603656940623 0.8929613133278594 0.9066699407266133 0.9189965813334215 0.936554708605178 0.9412389608671525 0.9490880040220021 0.9599371756392863 0.9646303342110752 0.9708066336330331 0.975862319998504 0.9823650631297774 0.9895009293813618 0.9963210522403003 1.0013153147895466 1.0072622452341289 1.0093063774622826 1.0123629611465437 1.0162020726219594 1.028473692248822 1.0303793610449004 1.0410418786018043 1.053159034826116 1.0591543969510382 1.0676743981514576 1.071765246748955 1.0896044977843007 1.0943852464876376 1.1108339732899675 1.1179579018447179 1.1387024038145237
55 770 -0.09568360534055848 -0.018935262303523607 0.02019551549536589 0.0974365232343419 0.6672013759871215 0.8728603656940623 0.8929613133278594 0.9066699407266133 0.9189965813334215 0.936554708605178 0.9412389608671525 0.9490880040220021 0.9599371756392863 0.9646303342110752 0.9708066336330331 0.975862319998504 0.9823650631297774 0.9895009293813618 0.9963210522403003 1.0013153147895466 1.0072622452341289 1.0093063774622826 1.0123629611465437 1.0162020726219594 1.028473692248822 1.0303793610449004 1.0410418786018043 1.053159034826116 1.0591543969510382 1.0676743981514576 1.071765246748955 1.0896044977843007 1.0943852464876376 1.1108339732899675 1.1179579018447179 1.1387024038145237
56 784 -0.09568360534055848 -0.018935262303523607 0.02019551549536589 0.0974365232343419 0.6672013759871215 0.8728603656940623 0.8929613133278594 0.9066699407266133 0.9189965813334215 0.936554708605178 0.9412389608671525 0.9490880040220021 0.9599371756392863 0.9646303342110752 0.9708066336330331 0.975862319998504 0.9823650631297774 0.9895009293813618 0.9963210522403003 1.0013153147895466 1.0072622452341289 1.0093063774622826 1.0123629611465437 1.0162020726219594 1.028473692248822 1.0303793610449004 1.0410418786018043 1.053159034826116 1.0591543969510382 1.0676743981514576 1.071765246748955 1.0896044977843007 1.0943852464876376 1.1108339732899675 1.1179579018447179 1.1387024038145237
57 798 -0.09568360534055848 -0.018935262303523607 0.02019551549536589 0.0974365232343419 0.6672013759871215 0.8728603656940623 0.8929613133278594 0.9066699407266133 0.9189965813334215 0.936554708605178 0.9412389608671525 0.9490880040220021 0.9599371756392863 0.9646303342110752 0.9708066336330331 0.975862319998504 0.9823650631297774 0.9895009293813618 0.9963210522403003 1.0013153147895466 1.0072622452341289 1.0093063774622826 1.0123629611465437 1.0162020726219594 1.028473692248822 1.0303793610449004 1.0410418786018043 1.053159034826116 1.0591543969510382 1.0676743981514576 1.071765246748955 1.0896044977843007 1.0943852464876376 1.1108339732899675 1.1179579018447179 1.1387024038145237
58 812 -0.09568360534055848 -0.018935262303523607 0.02019551549536589 0.0974365232343419 0.6672013759871215 0.8728603656940623 0.8929613133278594 0.9066699407266133 0.9189965813334215 0.936554708605178 0.9412389608671525 0.9490880040220021 0.9599371756392863 0.9646303342110752 0.9708066336330331 0.975862319998504 0.9823650631297774 0.9895009293813618 0.9963210522403003 1.0013153147895466 1.0072622452341289 1.0093063774622826 1.0123629611465437 1.0162020726219594 1.028473692248822 1.0303793610449004 1.0410418786018043 1.053159034826116 1.0591543969510382 1.0676743981514576 1.071765246748955 1.0896044977843007 1.0943852464876376 1.1108339732899675 1.1179579018447179 1.1387024038145237
59 826 -0.09568360534055848 -0.018935262303523607 0.02019551549536589 0.0974365232343419 0.6672013759871215 0.8728603656940623 0.8929613133278594 0.9066699407266133 0.9189965813334215 0.936554708605178 0.9412389608671525 0.9490880040220021 0.9599371756392863 0.9646303342110752 0.9708066336330331 0.975862319998504 0.9823650631297774 0.9895009293813618 0.9963210522403003 1.0013153147895466 1.0072622452341289 1.0093063774622826 1.0123629611465437 1.0162020726219594 1.028473692248822 1.0303793610449004 1.0410418786018043 1.053159034826116 1.0591543969510382 1.0676743981514576 1.071765246748955 1.0896044977843007 1.0943852464876376 1.1108339732899675 1.1179579018447179 1.1387024038145237
60 840 -0.09568360534055848 -0.018935262303523607 0.02019551549536589 0.0974365232343419 0.6672013759871215 0.8728603656940623 0.8929613133278594 0.9066699407266133 0.9189965813334215 0.936554708605178 0.9412389608671525 0.9490880040220021 0.9599371756392863 0.9646303342110752 0.9708066336330331 0.975862319998504 0.9823650631297774 0.9895009293813618 0.9963210522403003 1.0013153147895466 1.0072622452341289 1.0093063774622826 1.0123629611465437 1.0162020726219594 1.028473692248822 1.0303793610449004 1.0410418786018043 1.053159034826116 1.0591543969510382 1.0676743981514576 1.071765246748955 1.0896044977843007 1.0943852464876376 1.1108339732899675 1.1179579018447179 1.1387024038145237
61 854 -0.09568360534055848 -0.018935262303523607 0.02019551549536589 0.0974365232343419 0.6672013759871215 0.8728603656940623 0.8929613133278594 0.9066699407266133 0.9189965813334215 0.936554708605178 0.9412389608671525 0.9490880040220021 0.9599371756392863 0.9646303342110752 0.9708066336330331 0.975862319998504 0.9823650631297774 0.9895009293813618 0.9963210522403003 1.0013153147895466 1.0072622452341289 1.0093063774622826 1.0123629611465437 1.0162020726219594 1.028473692248822 1.0303793610449004 1.0410418786018043 1.053159034826116 1.0591543969510382 1.0676743981514576 1.071765246748955 1.0896044977843007 1.0943852464876376 1.1108339732899675 1.1179579018447179 1.1387024038145237
62 868 -0.09568360534055848 -0.018935262303523607 0.02019551549536589 0.0974365232343419 0.6672013759871215 0.8728603656940623 0.8929613133278594 0.9066699407266133 0.9189965813334215 0.936554708605178 0.9412389608671525 0.9490880040220021 0.9599371756392863 0.9646303342110752 0.9708066336330331 0.975862319998504 0.9823650631297774 0.9895009293813618 0.9963210522403003 1.0013153147895466 1.0072622452341289 1.0093063774622826 1.0123629611465437 1.0162020726219594 1.028473692248822 1.0303793610449004 1.0410418786018043 1.053159034826116 1.0591543969510382 1.0676743981514576 1.071765246748955 1.0896044977843007 1.0943852464876376 1.1108339732899675 1.1179579018447179 1.1387024038145237
63 882 -0.09568360534055848 -0.018935262303523607 0.02019551549536589 0.0974365232343419 0.6672013759871215 0.8728603656940623 0.8929613133278594 0.9066699407266133 0.9189965813334215 0.936554708605178 0.9412389608671525 0.9490880040220021 0.9599371756392863 0.9646303342110752 0.9708066336330331 0.975862319998504 0.9823650631297774 0.9895009293813618 0.9963210522403003 1.0013153147895466 1.0072622452341289 1.0093063774622826 1.0123629611465437 1.0162020726219594 1.028473692248822 1.0303793610449004 1.0410418786018043 1.053159034826116 1.0591543969510382 1.0676743981514576 1.071765246748955 1.0896044977843007 1.0943852464876376 1.1108339732899675 1.1179579018447179 1.1387024038145237
64 896 -0.09568360534055848 -0.018935262303523607 0.02019551549536589 0.0974365232343419 0.6672013759871215 0.8728603656940623 0.8929613133278594 0.9066699407266133 0.9189965813334215 0.936554708605178 0.9412389608671525 0.9490880040220021 0.9599371756392863 0.9646303342110752 0.9708066336330331 0.975862319998504 0.9823650631297774 0.9895009293813618 0.9963210522403003 1.0013153147895466 1.0072622452341289 1.0093063774622826 1.0123629611465437 1.0162020726219594 1.028473692248822 1.0303793610449004 1.0410418786018043 1.053159034826116 1.0591543969510382 1.0676743981514576 1.071765246748955 1.0896044977843007 1.0943852464876376 1.1108339732899675 1.1179579018447179 1.1387024038145237
65 910 -0.11092685195805996 -0.02561238344341023 0.028383629006393383 0.1349303354264017 0.6365918304432336 0.7746321950673414 0.8528402496387689 0.8795695672713663 0.8857508931152955 0.9016822196770256 0.9110009385248418 0.9206035845156094 0.9260460399312838 0.9476438850212643 0.9593375260316735 0.9708321592227569 0.979862101750472 0.9868631415007177 0.989280507380809 0.9909981303071347 0.9954601764560292 1.0157619687269615 1.018757595977197 1.0334307491031403 1.041198766456203 1.0461910487414983 1.0563200871569283 1.0633148046012946 1.0708736826178027 1.093174556282712 1.1016989783368598 1.1092878585635402 1.1295191444825332 1.1361961104550165 1.173076541131574 1.1928690083465543
66 924 -0.11092685195805996 -0.02561238344341023 0.028383629006393383 0.1349303354264017 0.6365918304432336 0.7746321950673414 0.8528402496387689 0.8795695672713663 0.8857508931152955 0.9016822196770256 0.9110009385248418 0.9206035845156094 0.9260460399312838 0.9476438850212643 0.9593375260316735 0.9708321592227569 0.979862101750472 0.9868631415007177 0.989280507380809 0.9909981303071347 0.9954601764560292 1.0157619687269615 1.018757595977197 1.0334307491031403 1.041198766456203 1.0461910487414983 1.0563200871569283 1.0633148046012946 1.0708736826178027 1.093174556282712 1.1016989783368598 1.1092878585635402 1.1295191444825332 1.1361961104550165 1.173076541131574 1.1928690083465543
67 938 -0.11092685195805996 -0.02561238344341023 0.028383629006393383 0.1349303354264017 0.6365918304432336 0.7746321950673414 0.8528402496387689 0.8795695672713663 0.8857508931152955 0.9016822196770256 0.9110009385248418 0.9206035845156094 0.9260460399312838 0.9476438850212643 0.9593375260316735 0.9708321592227569 0.979862101750472 0.9868631415007177 0.989280507380809 0.9909981303071347 0.9954601764560292 1.0157619687269615 1.018757595977197 1.0334307491031403 1.041198766456203 1.0461910487414983 1.0563200871569283 1.0633148046012946 1.0708736826178027 1.093174556282712 1.1016989783368598 1.1092878585635402 1.1295191444825332 1.1361961104550165 1.173076541131574 1.1928690083465543
68 952 -0.11092685195805996 -0.02561238344341023 0.028383629006393383 0.1349303354264017 0.6365918304432336 0.7746321950673414 0.8528402496387689 0.8795695672713663 0.8857508931152955 0.9016822196770256 0.9110009385248418 0.9206035845156094 0.9260460399312838 0.9476438850212643 0.9593375260316735 0.9708321592227569 0.979862101750472 0.9868631415007177 0.989280507380809 0.9909981303071347 0.9954601764560292 1.0157619687269615 1.018757595977197 1.0334307491031403 1.041198766456203 1.0461910487414983 1.0563200871569283 1.0633148046012946 1.0708736826178027 1.093174556282712 1.1016989783368598 1.1092878585635402 1.1295191444825332 1.1361961104550165 1.173076541131574 1.1928690083465543
69 966 -0.11092685195805996 -0.02561238344341023 0.028383629006393383 0.1349303354264017 0.6365918304432336 0.7746321950673414 0.8528402496387689 0.8795695672713663 0.8857508931152955 0.9016822196770256 0.9110009385248418 0.9206035845156094 0.9260460399312838 0.9476438850212643 0.9593375260316735 0.9708321592227569 0.979862101750472 0.9868631415007177 0.989280507380809 0.9909981303071347 0.9954601764560292 1.0157619687269615 1.018757595977197 1.0334307491031403 1.041198766456203 1.0461910487414983 1.0563200871569283 1.0633148046012946 1.0708736826178027 1.093174556282712 1.1016989783368598 1.1092878585635402 1.1295191444825332 1.1361961104550165 1.173076541131574 1.1928690083465543
70 980 -0.11092685195805996 -0.02561238344341023 0.028383629006393383 0.1349303354264017 0.6365918304432336 0.7746321950673414 0.8528402496387689 0.8795695672713663 0.8857508931152955 0.9016822196770256 0.9110009385248418 0.9206035845156094 0.9260460399312838 0.9476438850212643 0.9593375260316735 0.9708321592227569 0.979862101750472 0.9868631415007177 0.989280507380809 0.9909981303071347 0.9954601764560292 1.0157619687269615 1.018757595977197 1.0334307491031403 1.041198766456203 1.0461910487414983 1.0563200871569283 1.0633148046012946 1.0708736826178027 1.093174556282712 1.1016989783368598 1.1092878585635402 1.1295191444825332 1.1361961104550165 1.173076541131574 1.1928690083465543
71 994 -0.11092685195805996 -0.02561238344341023 0.028383629006393383 0.1349303354264017 0.6365918304432336 0.7746321950673414 0.8528402496387689 0.8795695672713663 0.8857508931152955 0.9016822196770256 0.9110009385248418 0.9206035845156094 0.9260460399312838 0.9476438850212643 0.9593375260316735 0.9708321592227569 0.979862101750472 0.9868631415007177 0.989280507380809 0.9909981303071347 0.9954601764560292 1.0157619687269615 1.018757595977197 1.0334307491031403 1.041198766456203 1.0461910487414983 1.0563200871569283 1.0633148046012946 1.0708736826178027 1.093174556282712 1.1016989783368598 1.1092878585635402 1.1295191444825332 1.1361961104550165 1.173076541131574 1.1928690083465543
72 1008 -0.11092685195805996 -0.02561238344341023 0.028383629006393383 0.1349303354264017 0.6365918304432336 0.7746321950673414 0.8528402496387689 0.8795695672713663 0.8857508931152955 0.9016822196770256 0.9110009385248418 0.9206035845156094 0.9260460399312838 0.9476438850212643 0.9593375260316735 0.9708321592227569 0.979862101750472 0.9868631415007177 0.989280507380809 0.9909981303071347 0.9954601764560292 1.0157619687269615 1.018757595977197 1.0334307491031403 1.041198766456203 1.0461910487414983 1.0563200871569283 1.0633148046012946 1.0708736826178027 1.093174556282712 1.1016989783368598 1.1092878585635402 1.1295191444825332 1.1361961104550165 1.173076541131574 1.1928690083465543
73 1022 -0.11092685195805996 -0.02561238344341023 0.028383629006393383 0.1349303354264017 0.6365918304432336 0.7746321950673414 0.8528402496387689 0.8795695672713663 0.8857508931152955 0.9016822196770256 0.9110009385248418 0.9206035845156094 0.9260460399312838 0.9476438850212643 0.9593375260316735 0.9708321592227569 0.979862101750472 0.9868631415007177 0.989280507380809 0.9909981303071347 0.9954601764560292 1.0157619687269615 1.018757595977197 1.0334307491031403 1.041198766456203 1.0461910487414983 1.0563200871569283 1.0633148046012946 1.0708736826178027 1.093174556282712 1.1016989783368598 1.1092878585635402 1.1295191444825332 1.1361961104550165 1.173076541131574 1.1928690083465543
74 1036 -0.11092685195805996 -0.02561238344341023 0.028383629006393383 0.1349303354264017 0.6365918304432336 0.7746321950673414 0.8528402496387689 0.8795695672713663 0.8857508931152955 0.9016822196770256 0.9110009385248418 0.9206035845156094 0.9260460399312838 0.9476438850212643 0.9593375260316735 0.9708321592227569 0.979862101750472 0.9868631415007177 0.989280507380809 0.9909981303071347 0.9954601764560292 1.0157619687269615 1.018757595977197 1.0334307491031403 1.041198766456203 1.0461910487414983 1.0563200871569283 1.0633148046012946 1.0708736826178027 1.093174556282712 1.1016989783368598 1.1092878585635402 1.1295191444825332 1.1361961104550165 1.173076541131574 1.1928690083465543
75 1050 -0.11092685195805996 -0.02561238344341023 0.028383629006393383 0.1349303354264017 0.6365918304432336 0.7746321950673414 0.8528402496387689 0.8795695672713663 0.8857508931152955 0.9016822196770256 0.9110009385248418 0.9206035845156094 0.9260460399312838 0.9476438850212643 0.9593375260316735 0.9708321592227569 0.979862101750472 0.9868631415007177 0.989280507380809 0.9909981303071347 0.9954601764560292 1.0157619687269615 1.018757595977197 1.0334307491031403 1.041198766456203 1.0461910487414983 1.0563200871569283 1.0633148046012946 1.0708736826178027 1.093174556282712 1.1016989783368598 1.1092878585635402 1.1295191444825332 1.1361961104550165 1.173076541131574 1.1928690083465543
76 1064 -0.11092685195805996 -0.02561238344341023 0.028383629006393383 0.1349303354264017 0.6365918304432336 0.7746321950673414 0.8528402496387689 0.8795695672713663 0.8857508931152955 0.9016822196770256 0.9110009385248418 0.9206035845156094 0.9260460399312838 0.9476438850212643 0.9593375260316735 0.9708321592227569 0.979862101750472 0.9868631415007177 0.989280507380809 0.9909981303071347 0.9954601764560292 1.0157619687269615 1.018757595977197 1.0334307491031403 1.041198766456203 1.0461910487414983 1.0563200871569283 1.0633148046012946 1.0708736826178027 1.093174556282712 1.1016989783368598 1.1092878585635402 1.1295191444825332 1.1361961104550165 1.173076541131574 1.1928690083465543
77 1078 -0.11092685195805996 -0.02561238344341023 0.028383629006393383 0.1349303354264017 0.6365918304432336 0.7746321950673414 0.8528402496387689 0.8795695672713663 0.8857508931152955 0.9016822196770256 0.9110009385248418 0.9206035845156094 0.9260460399312838 0.9476438850212643 0.9593375260316735 0.9708321592227569 0.979862101750472 0.9868631415007177 0.989280507380809 0.9909981303071347 0.9954601764560292 1.0157619687269615 1.018757595977197 1.0334307491031403 1.041198766456203 1.0461910487414983 1.0563200871569283 1.0633148046012946 1.0708736826178027 1.093174556282712 1.1016989783368598 1.1092878585635402 1.1295191444825332 1.1361961104550165 1.173076541131574 1.1928690083465543
78 1092 -0.11092685195805996 -0.02561238344341023 0.028383629006393383 0.1349303354264017 0.6365918304432336 0.7746321950673414 0.8528402496387689 0.8795695672713663 0.8857508931152955 0.9016822196770256 0.9110009385248418 0.9206035845156094 0.9260460399312838 0.9476438850212643 0.9593375260316735 0.9708321592227569 0.979862101750472 0.9868631415007177 0.989280507380809 0.9909981303071347 0.9954601764560292 1.0157619687269615 1.018757595977197 1.0334307491031403 1.041198766456203 1.0461910487414983 1.0563200871569283 1.0633148046012946 1.0708736826178027 1.093174556282712 1.1016989783368598 1.1092878585635402 1.1295191444825332 1.1361961104550165 1.173076541131574 1.1928690083465543
79 1106 -0.11092685195805996 -0.02561238344341023 0.028383629006393383 0.1349303354264017 0.6365918304432336 0.7746321950673414 0.8528402496387689 0.8795695672713663 0.8857508931152955 0.9016822196770256 0.9110009385248418 0.9206035845156094 0.9260460399312838 0.9476438850212643 0.9593375260316735 0.9708321592227569 0.979862101750472 0.9868631415007177 0.989280507380809 0.9909981303071347 0.9954601764560292 1.0157619687269615 1.018757595977197 1.0334307491031403 1.041198766456203 1.0461910487414983 1.0563200871569283 1.0633148046012946 1.0708736826178027 1.093174556282712 1.1016989783368598 1.1092878585635402 1.1295191444825332 1.1361961104550165 1.173076541131574 1.1928690083465543
80 1120 -0.11092685195805996 -0.02561238344341023 0.028383629006393383 0.1349303354264017 0.6365918304432336 0.7746321950673414 0.8528402496387689 0.8795695672713663 0.8857508931152955 0.9016822196770256 0.9110009385248418 0.9206035845156094 0.9260460399312838 0.9476438850212643 0.9593375260316735 0.9708321592227569 0.979862101750472 0.9868631415007177 0.989280507380809 0.9909981303071347 0.9954601764560292 1.0157619687269615 1.018757595977197 1.0334307491031403 1.041198766456203 1.0461910487414983 1.0563200871569283 1.0633148046012946 1.0708736826178027 1.093174556282712 1.1016989783368598 1.1092878585635402 1.1295191444825332 1.1361961104550165 1.173076541131574 1.1928690083465543
81 1134 -0.11092685195805996 -0.02561238344341023 0.028383629006393383 0.1349303354264017 0.6365918304432336 0.7746321950673414 0.8528402496387689 0.8795695672713663 0.8857508931152955 0.9016822196770256 0.9110009385248418 0.9206035845156094 0.9260460399312838 0.9476438850212643 0.9593375260316735 0.9708321592227569 0.979862101750472 0.9868631415007177 0.989280507380809 0.9909981303071347 0.9954601764560292 1.0157619687269615 1.018757595977197 1.0334307491031403 1.041198766456203 1.0461910487414983 1.0563200871569283 1.0633148046012946 1.0708736826178027 1.093174556282712 1.1016989783368598 1.1092878585635402 1.1295191444825332 1.1361961104550165 1.173076541131574 1.1928690083465543
82 1148 -0.11092685195805996 -0.02561238344341023 0.028383629006393383 0.1349303354264017 0.6365918304432336 0.7746321950673414 0.8528402496387689 0.8795695672713663 0.8857508931152955 0.9016822196770256 0.9110009385248418 0.9206035845156094 0.9260460399312838 0.9476438850212643 0.9593375260316735 0.9708321592227569 0.979862101750472 0.9868631415007177 0.989280507380809 0.9909981303071347 0.9954601764560292 1.0157619687269615 1.018757595977197 1.0334307491031403 1.041198766456203 1.0461910487414983 1.0563200871569283 1.0633148046012946 1.0708736826178027 1.093174556282712 1.1016989783368598 1.1092878585635402 1.1295191444825332 1.1361961104550165 1.173076541131574 1.1928690083465543
83 1162 -0.11092685195805996 -0.02561238344341023 0.028383629006393383 0.1349303354264017 0.6365918304432336 0.7746321950673414 0.8528402496387689 0.8795695672713663 0.8857508931152955 0.9016822196770256 0.9110009385248418 0.9206035845156094 0.9260460399312838 0.9476438850212643 0.9593375260316735 0.9708321592227569 0.979862101750472 0.9868631415007177 0.989280507380809 0.9909981303071347 0.9954601764560292 1.0157619687269615 1.018757595977197 1.0334307491031403 1.041198766456203 1.0461910487414983 1.0563200871569283 1.0633148046012946 1.0708736826178027 1.093174556282712 1.1016989783368598 1.1092878585635402 1.1295191444825332 1.1361961104550165 1.173076541131574 1.1928690083465543
84 1176 -0.11092685195805996 -0.02561238344341023 0.028383629006393383 0.1349303354264017 0.6365918304432336 0.7746321950673414 0.8528402496387689 0.8795695672713663 0.8857508931152955 0.9016822196770256 0.9110009385248418 0.9206035845156094 0.9260460399312838 0.9476438850212643 0.9593375260316735 0.9708321592227569 0.979862101750472 0.9868631415007177 0.989280507380809 0.9909981303071347 0.9954601764560292 1.0157619687269615 1.018757595977197 1.0334307491031403 1.041198766456203 1.0461910487414983 1.0563200871569283 1.0633148046012946 1.0708736826178027 1.093174556282712 1.1016989783368598 1.1092878585635402 1.1295191444825332 1.1361961104550165 1.173076541131574 1.1928690083465543
85 1190 -0.11092685195805996 -0.02561238344341023 0.028383629006393383 0.1349303354264017 0.6365918304432336 0.7746321950673414 0.8528402496387689 0.8795695672713663 0.8857508931152955 0.9016822196770256 0.9110009385248418 0.9206035845156094 0.9260460399312838 0.9476438850212643 0.9593375260316735 0.9708321592227569 0.979862101750472 0.9868631415007177 0.989280507380809 0.9909981303071347 0.9954601764560292 1.0157619687269615 1.018757595977197 1.0334307491031403 1.041198766456203 1.0461910487414983 1.0563200871569283 1.0633148046012946 1.0708736826178027 1.093174556282712 1.1016989783368598 1.1092878585635402 1.1295191444825332 1.1361961104550165 1.173076541131574 1.1928690083465543
86 1204 -0.11092685195805996 -0.02561238344341023 0.028383629006393383 0.1349303354264017 0.6365918304432336 0.7746321950673414 0.8528402496387689 0.8795695672713663 0.8857508931152955 0.9016822196770256 0.9110009385248418 0.9206035845156094 0.9260460399312838 0.9476438850212643 0.9593375260316735 0.9708321592227569 0.979862101750472 0.9868631415007177 0.989280507380809 0.9909981303071347 0.9954601764560292 1.0157619687269615 1.018757595977197 1.0334307491031403 1.041198766456203 1.0461910487414983 1.0563200871569283 1.0633148046012946 1.0708736826178027 1.093174556282712 1.1016989783368598 1.1092878585635402 1.1295191444825332 1.1361961104550165 1.173076541131574 1.1928690083465543
87 1218 -0.11092685195805996 -0.02561238344341023 0.028383629006393383 0.1349303354264017 0.6365918304432336 0.7746321950673414 0.8528402496387689 0.8795695672713663 0.8857508931152955 0.9016822196770256 0.9110009385248418 0.9206035845156094 0.9260460399312838 0.9476438850212643 0.9593375260316735 0.9708321592227569 0.979862101750472 0.9868631415007177 0.989280507380809 0.9909981303071347 0.9954601764560292 1.0157619687269615 1.018757595977197 1.0334307491031403 1.041198766456203 1.0461910487414983 1.0563200871569283 1.0633148046012946 1.0708736826178027 1.093174556282712 1.1016989783368598 1.1092878585635402 1.1295191444825332 1.1361961104550165 1.173076541131574 1.1928690083465543
88 1232 -0.11092685195805996 -0.02561238344341023 0.028383629006393383 0.1349303354264017 0.6365918304432336 0.7746321950673414 0.8528402496387689 0.8795695672713663 0.8857508931152955 0.9016822196770256 0.9110009385248418 0.9206035845156094 0.9260460399312838 0.9476438850212643 0.9593375260316735 0.9708321592227569 0.979862101750472 0.9868631415007177 0.989280507380809 0.9909981303071347 0.9954601764560292 1.0157619687269615 1.018757595977197 1.0334307491031403 1.041198766456203 1.0461910487414983 1.0563200871569283 1.0633148046012946 1.0708736826178027 1.093174556282712 1.1016989783368598 1.1092878585635402 1.1295191444825332 1.1361961104550165 1.173076541131574 1.1928690083465543
89 1246 -0.11092685195805996 -0.02561238344341023 0.028383629006393383 0.1349303354264017 0.6365918304432336 0.7746321950673414 0.8528402496387689 0.8795695672713663 0.8857508931152955 0.9016822196770256 0.9110009385248418 0.9206035845156094 0.9260460399312838 0.9476438850212643 0.9593375260316735 0.9708321592227569 0.979862101750472 0.9868631415007177 0.989280507380809 0.9909981303071347 0.9954601764560292 1.0157619687269615 1.018757595977197 1.0334307491031403 1.041198766456203 1.0461910487414983 1.0563200871569283 1.0633148046012946 1.0708736826178027 1.093174556282712 1.1016989783368598 1.1092878585635402 1.1295191444825332 1.1361961104550165 1.173076541131574 1.1928690083465543
90 1260 -0.11092685195805996 -0.02561238344341023 0.028383629006393383 0.1349303354264017 0.6365918304432336 0.7746321950673414 0.8528402496387689 0.8795695672713663 0.8857508931152955 0.9016822196770256 0.9110009385248418 0.9206035845156094 0.9260460399312838 0.9476438850212643 0.9593375260316735 0.9708321592227569 0.979862101750472 0.9868631415007177 0.989280507380809 0.9909981303071347 0.9954601764560292 1.0157619687269615 1.018757595977197 1.0334307491031403 1.041198766456203 1.0461910487414983 1.0563200871569283 1.0633148046012946 1.0708736826178027 1.093174556282712 1.1016989783368598 1.1092878585635402 1.1295191444825332 1.1361961104550165 1.173076541131574 1.1928690083465543
91 1274 -0.11092685195805996 -0.02561238344341023 0.028383629006393383 0.1349303354264017 0.6365918304432336 0.7746321950673414 0.8528402496387689 0.8795695672713663 0.8857508931152955 0.9016822196770256 0.9110009385248418 0.9206035845156094 0.9260460399312838 0.9476438850212643 0.9593375260316735 0.9708321592227569 0.979862101750472 0.9868631415007177 0.989280507380809 0.9909981303071347 0.9954601764560292 1.0157619687269615 1.018757595977197 1.0334307491031403 1.041198766456203 1.0461910487414983 1.0563200871569283 1.0633148046012946 1.0708736826178027 1.093174556282712 1.1016989783368598 1.1092878585635402 1.1295191444825332 1.1361961104550165 1.173076541131574 1.1928690083465543
92 1288 -0.11092685195805996 -0.02561238344341023 0.028383629006393383 0.1349303354264017 0.6365918304432336 0.7746321950673414 0.8528402496387689 0.8795695672713663 0.8857508931152955 0.9016822196770256 0.9110009385248418 0.9206035845156094 0.9260460399312838 0.9476438850212643 0.9593375260316735 0.9708321592227569 0.979862101750472 0.9868631415007177 0.989280507380809 0.9909981303071347 0.9954601764560292 1.0157619687269615 1.018757595977197 1.0334307491031403 1.041198766456203 1.0461910487414983 1.0563200871569283 1.0633148046012946 1.0708736826178027 1.093174556282712 1.1016989783368598 1.1092878585635402 1.1295191444825332 1.1361961104550165 1.173076541131574 1.1928690083465543
93 1302 -0.11092685195805996 -0.02561238344341023 0.028383629006393383 0.1349303354264017 0.6365918304432336 0.7746321950673414 0.8528402496387689 0.8795695672713663 0.8857508931152955 0.9016822196770256 0.9110009385248418 0.9206035845156094 0.9260460399312838 0.9476438850212643 0.9593375260316735 0.9708321592227569 0.979862101750472 0.9868631415007177 0.989280507380809 0.9909981303071347 0.9954601764560292 1.0157619687269615 1.018757595977197 1.0334307491031403 1.041198766456203 1.0461910487414983 1.0563200871569283 1.0633148046012946 1.0708736826178027 1.093174556282712 1.1016989783368598 1.1092878585635402 1.1295191444825332 1.1361961104550165 1.173076541131574 1.1928690083465543
94 1316 -0.11092685195805996 -0.02561238344341023 0.028383629006393383 0.1349303354264017 0.6365918304432336 0.7746321950673414 0.8528402496387689 0.8795695672713663 0.8857508931152955 0.9016822196770256 0.9110009385248418 0.9206035845156094 0.9260460399312838 0.9476438850212643 0.9593375260316735 0.9708321592227569 0.979862101750472 0.9868631415007177 0.989280507380809 0.9909981303071347 0.9954601764560292 1.0157619687269615 1.018757595977197 1.0334307491031403 1.041198766456203 1.0461910487414983 1.0563200871569283 1.0633148046012946 1.0708736826178027 1.093174556282712 1.1016989783368598 1.1092878585635402 1.1295191444825332 1.1361961104550165 1.173076541131574 1.1928690083465543
95 1330 -0.11092685195805996 -0.02561238344341023 0.028383629006393383 0.1349303354264017 0.6365918304432336 0.7746321950673414 0.8528402496387689 0.8795695672713663 0.8857508931152955 0.9016822196770256 0.9110009385248418 0.9206035845156094 0.9260460399312838 0.9476438850212643 0.9593375260316735 0.9708321592227569 0.979862101750472 0.9868631415007177 0.989280507380809 0.9909981303071347 0.9954601764560292 1.0157619687269615 1.018757595977197 1.0334307491031403 1.041198766456203 1.0461910487414983 1.0563200871569283 1.0633148046012946 1.0708736826178027 1.093174556282712 1.1016989783368598 1.1092878585635402 1.1295191444825332 1.1361961104550165 1.173076541131574 1.1928690083465543
96 1344 -0.11092685195805996 -0.02561238344341023 0.028383629006393383 0.1349303354264017 0.6365918304432336 0.7746321950673414 0.8528402496387689 0.8795695672713663 0.8857508931152955 0.9016822196770256 0.9110009385248418 0.9206035845156094 0.9260460399312838 0.9476438850212643 0.9593375260316735 0.9708321592227569 0.979862101750472 0.9868631415007177 0.989280507380809 0.9909981303071347 0.9954601764560292 1.0157619687269615 1.018757595977197 1.0334307491031403 1.041198766456203 1.0461910487414983 1.0563200871569283 1.0633148046012946 1.0708736826178027 1.093174556282712 1.1016989783368598 1.1092878585635402 1.1295191444825332 1.1361961104550165 1.173076541131574 1.1928690083465543
97 1358 -0.1314961433015866 -0.02517259152065894 0.030103718523948476 0.15896010870728644 0.6256181457452044 0.7745458568793895 0.8247887325750621 0.850299713560738 0.8694057087715297 0.875978714942691 0.8998323569509381 0.9041205786934183 0.9181708162610804 0.9290901168946896 0.9412995511091813 0.9568884126656404 0.9637420038527347 0.9737048661811682 0.9776637756893873 0.991108472776654 1.003303682618434 1.0221087757289193 1.0290480180656563 1.0349617886887972 1.043476195958309 1.0487473426267813 1.0535705707637861 1.07966511734119 1.0918004655237268 1.098386682607183 1.112722845640378 1.1268141161203904 1.14365214546045 1.1685120831412064 1.1943332073057906 1.2166185735401598
98 1372 -0.1314961433015866 -0.02517259152065894 0.030103718523948476 0.15896010870728644 0.6256181457452044 0.7745458568793895 0.8247887325750621 0.850299713560738 0.8694057087715297 0.875978714942691 0.8998323569509381 0.9041205786934183 0.9181708162610804 0.9290901168946896 0.9412995511091813 0.9568884126656404 0.9637420038527347 0.9737048661811682 0.9776637756893873 0.991108472776654 1.003303682618434 1.0221087757289193 1.0290480180656563 1.0349617886887972 1.043476195958309 1.0487473426267813 1.0535705707637861 1.07966511734119 1.0918004655237268 1.098386682607183 1.112722845640378 1.1268141161203904 1.14365214546045 1.1685120831412064 1.1943332073057906 1.2166185735401598
99 1386 -0.1314961433015866 -0.02517259152065894 0.030103718523948476 0.15896010870728644 0.6256181457452044 0.7745458568793895 0.8247887325750621 0.850299713560738 0.8694057087715297 0.875978714942691 0.8998323569509381 0.9041205786934183 0.9181708162610804 0.9290901168946896 0.9412995511091813 0.9568884126656404 0.9637420038527347 0.9737048661811682 0.9776637756893873 0.991108472776654 1.003303682618434 1.0221087757289193 1.0290480180656563 1.0349617886887972 1.043476195958309 1.0487473426267813 1.0535705707637861 1.07966511734119 1.0918004655237268 1.098386682607183 1.112722845640378 1.1268141161203904 1.14365214546045 1.1685120831412064 1.1943332073057906 1.2166185735401598
100 1400 -0.1314961433015866 -0.02517259152065894 0.030103718523948476 0.15896010870728644 0.6256181457452044 0.7745458568793895 0.8247887325750621 0.850299713560738 0.8694057087715297 0.875978714942691 0.8998323569509381 0.9041205786934183 0.9181708162610804 0.9290901168946896 0.9412995511091813 0.9568884126656404 0.9637420038527347 0.9737048661811682 0.9776637756893873 0.991108472776654 1.003303682618434 1.0221087757289193 1.0290480180656563 1.0349617886887972 1.043476195958309 1.0487473426267813 1.0535705707637861 1.07966511734119 1.0918004655237268 1.098386682607183 1.112722845640378 1.1268141161203904 1.14365214546045 1.1685120831412064 1.1943332073057906 1.2166185735401598
101 1414 -0.1314961433015866 -0.02517259152065894 0.030103718523948476 0.15896010870728644 0.6256181457452044 0.7745458568793895 0.8247887325750621 0.850299713560738 0.8694057087715297 0.875978714942691 0.8998323569509381 0.9041205786934183 0.9181708162610804 0.9290901168946896 0.9412995511091813 0.9568884126656404 0.9637420038527347 0.9737048661811682 0.9776637756893873 0.991108472776654 1.003303682618434 1.0221087757289193 1.0290480180656563 1.0349617886887972 1.043476195958309 1.0487473426267813 1.0535705707637861 1.07966511734119 1.0918004655237268 1.098386682607183 1.112722845640378 1.1268141161203904 1.14365214546045 1.1685120831412064 1.1943332073057906 1.2166185735401598
102 1428 -0.1314961433015866 -0.02517259152065894 0.030103718523948476 0.15896010870728644 0.6256181457452044 0.7745458568793895 0.8247887325750621 0.850299713560738 0.8694057087715297 0.875978714942691 0.8998323569509381 0.9041205786934183 0.9181708162610804 0.9290901168946896 0.9412995511091813 0.9568884126656404 0.9637420038527347 0.9737048661811682 0.9776637756893873 0.991108472776654 1.003303682618434 1.0221087757289193 1.0290480180656563 1.0349617886887972 1.043476195958309 1.0487473426267813 1.0535705707637861 1.07966511734119 1.0918004655237268 1.098386682607183 1.112722845640378 1.1268141161203904 1.14365214546045 1.1685120831412064 1.1943332073057906 1.2166185735401598
103 1442 -0.1314961433015866 -0.02517259152065894 0.030103718523948476 0.15896010870728644 0.6256181457452044 0.7745458568793895 0.8247887325750621 0.850299713560738 0.8694057087715297 0.875978714942691 0.8998323569509381 0.9041205786934183 0.9181708162610804 0.9290901168946896 0.9412995511091813 0.9568884126656404 0.9637420038527347 0.9737048661811682 0.9776637756893873 0.991108472776654 1.003303682618434 1.0221087757289193 1.0290480180656563 1.0349617886887972 1.043476195958309 1.0487473426267813 1.0535705707637861 1.07966511734119 1.0918004655237268 1.098386682607183 1.112722845640378 1.1268141161203904 1.14365214546045 1.1685120831412064 1.1943332073057906 1.2166185735401598
104 1456 -0.1314961433015866 -0.02517259152065894 0.030103718523948476 0.15896010870728644 0.6256181457452044 0.7745458568793895 0.8247887325750621 0.850299713560738 0.8694057087715297 0.875978714942691 0.8998323569509381 0.9041205786934183 0.9181708162610804 0.9290901168946896 0.9412995511091813 0.9568884126656404 0.9637420038527347 0.9737048661811682 0.9776637756893873 0.991108472776654 1.003303682618434 1.0221087757289193 1.0290480180656563 1.0349617886887972 1.043476195958309 1.0487473426267813 1.0535705707637861 1.07966511734119 1.0918004655237268 1.098386682607183 1.112722845640378 1.1268141161203904 1.14365214546045 1.1685120831412064 1.1943332073057906 1.2166185735401598
105 1470 -0.1314961433015866 -0.02517259152065894 0.030103718523948476 0.15896010870728644 0.6256181457452044 0.7745458568793895 0.8247887325750621 0.850299713560738 0.8694057087715297 0.875978714942691 0.8998323569509381 0.9041205786934183 0.9181708162610804 0.9290901168946896 0.9412995511091813 0.9568884126656404 0.9637420038527347 0.9737048661811682 0.9776637756893873 0.991108472776654 1.003303682618434 1.0221087757289193 1.0290480180656563 1.0349617886887972 1.043476195958309 1.0487473426267813 1.0535705707637861 1.07966511734119 1.0918004655237268 1.098386682607183 1.112722845640378 1.1268141161203904 1.14365214546045 1.1685120831412064 1.1943332073057906 1.2166185735401598
106 1484 -0.1314961433015866 -0.02517259152065894 0.030103718523948476 0.15896010870728644 0.6256181457452044 0.7745458568793895 0.8247887325750621 0.850299713560738 0.8694057087715297 0.875978714942691 0.8998323569509381 0.9041205786934183 0.9181708162610804 0.9290901168946896 0.9412995511091813 0.9568884126656404 0.9637420038527347 0.9737048661811682 0.9776637756893873 0.991108472776654 1.003303682618434 1.0221087757289193 1.0290480180656563 1.0349617886887972 1.043476195958309 1.0487473426267813 1.0535705707637861 1.07966511734119 1.0918004655237268 1.098386682607183 1.112722845640378 1.1268141161203904 1.14365214546045 1.1685120831412064 1.1943332073057906 1.2166185735401598
107 1498 -0.1314961433015866 -0.02517259152065894 0.030103718523948476 0.15896010870728644 0.6256181457452044 0.7745458568793895 0.8247887325750621 0.850299713560738 0.8694057087715297 0.875978714942691 0.8998323569509381 0.9041205786934183 0.9181708162610804 0.9290901168946896 0.9412995511091813 0.9568884126656404 0.9637420038527347 0.9737048661811682 0.9776637756893873 0.991108472776654 1.003303682618434 1.0221087757289193 1.0290480180656563 1.0349617886887972 1.043476195958309 1.0487473426267813 1.0535705707637861 1.07966511734119 1.0918004655237268 1.098386682607183 1.112722845640378 1.1268141161203904 1.14365214546045 1.1685120831412064 1.1943332073057906 1.2166185735401598
108 1512 -0.1314961433015866 -0.02517259152065894 0.030103718523948476 0.15896010870728644 0.6256181457452044 0.7745458568793895 0.8247887325750621 0.850299713560738 0.8694057087715297 0.875978714942691 0.8998323569509381 0.9041205786934183 0.9181708162610804 0.9290901168946896 0.9412995511091813 0.9568884126656404 0.9637420038527347 0.9737048661811682 0.9776637756893873 0.991108472776654 1.003303682618434 1.0221087757289193 1.0290480180656563 1.0349617886887972 1.043476195958309 1.0487473426267813 1.0535705707637861 1.07966511734119 1.0918004655237268 1.098386682607183 1.112722845640378 1.1268141161203904 1.14365214546045 1.1685120831412064 1.1943332073057906 1.2166185735401598
109 1526 -0.1314961433015866 -0.02517259152065894 0.030103718523948476 0.15896010870728644 0.6256181457452044 0.7745458568793895 0.8247887325750621 0.850299713560738 0.8694057087715297 0.875978714942691 0.8998323569509381 0.9041205786934183 0.9181708162610804 0.9290901168946896 0.9412995511091813 0.9568884126656404 0.9637420038527347 0.9737048661811682 0.9776637756893873 0.991108472776654 1.003303682618434 1.0221087757289193 1.0290480180656563 1.0349617886887972 1.043476195958309 1.0487473426267813 1.0535705707637861 1.07966511734119 1.0918004655237268 1.098386682607183 1.112722845640378 1.1268141161203904 1.14365214546045 1.1685120831412064 1.1943332073057906 1.2166185735401598
110 1540 -0.1314961433015866 -0.02517259152065894 0.030103718523948476 0.15896010870728644 0.6256181457452044 0.7745458568793895 0.8247887325750621 0.850299713560738 0.8694057087715297 0.875978714942691 0.8998323569509381 0.9041205786934183 0.9181708162610804 0.9290901168946896 0.9412995511091813 0.9568884126656404 0.9637420038527347 0.9737048661811682 0.9776637756893873 0.991108472776654 1.003303682618434 1.0221087757289193 1.0290480180656563 1.0349617886887972 1.043476195958309 1.0487473426267813 1.0535705707637861 1.07966511734119 1.0918004655237268 1.098386682607183 1.112722845640378 1.1268141161203904 1.14365214546045 1.1685120831412064 1.1943332073057906 1.2166185735401598
111 1554 -0.1314961433015866 -0.02517259152065894 0.030103718523948476 0.15896010870728644 0.6256181457452044 0.7745458568793895 0.8247887325750621 0.850299713560738 0.8694057087715297 0.875978714942691 0.8998323569509381 0.9041205786934183 0.9181708162610804 0.9290901168946896 0.9412995511091813 0.9568884126656404 0.9637420038527347 0.9737048661811682 0.9776637756893873 0.991108472776654 1.003303682618434 1.0221087757289193 1.0290480180656563 1.0349617886887972 1.043476195958309 1.0487473426267813 1.0535705707637861 1.07966511734119 1.0918004655237268 1.098386682607183 1.112722845640378 1.1268141161203904 1.14365214546045 1.1685120831412064 1.1943332073057906 1.2166185735401598
112 1568 -0.1314961433015866 -0.02517259152065894 0.030103718523948476 0.15896010870728644 0.6256181457452044 0.7745458568793895 0.8247887325750621 0.850299713560738 0.8694057087715297 0.875978714942691 0.8998323569509381 0.9041205786934183 0.9181708162610804 0.9290901168946896 0.9412995511091813 0.9568884126656404 0.9637420038527347 0.9737048661811682 0.9776637756893873 0.991108472776654 1.003303682618434 1.0221087757289193 1.0290480180656563 1.0349617886887972 1.043476195958309 1.0487473426267813 1.0535705707637861 1.07966511734119 1.0918004655237268 1.098386682607183 1.112722845640378 1.1268141161203904 1.14365214546045 1.1685120831412064 1.1943332073057906 1.2166185735401598
113 1582 -0.1314961433015866 -0.02517259152065894 0.030103718523948476 0.15896010870728644 0.6256181457452044 0.7745458568793895 0.8247887325750621 0.850299713560738 0.8694057087715297 0.875978714942691 0.8998323569509381 0.9041205786934183 0.9181708162610804 0.9290901168946896 0.9412995511091813 0.9568884126656404 0.9637420038527347 0.9737048661811682 0.9776637756893873 0.991108472776654 1.003303682618434 1.0221087757289193 1.0290480180656563 1.0349617886887972 1.043476195958309 1.0487473426267813 1.0535705707637861 1.07966511734119 1.0918004655237268 1.098386682607183 1.112722845640378 1.1268141161203904 1.14365214546045 1.1685120831412064 1.1943332073057906 1.2166185735401598
114 1596 -0.1314961433015866 -0.02517259152065894 0.030103718523948476 0.15896010870728644 0.6256181457452044 0.7745458568793895 0.8247887325750621 0.850299713560738 0.8694057087715297 0.875978714942691 0.8998323569509381 0.9041205786934183 0.9181708162610804 0.9290901168946896 0.9412995511091813 0.9568884126656404 0.9637420038527347 0.9737048661811682 0.9776637756893873 0.991108472776654 1.003303682618434 1.0221087757289193 1.0290480180656563 1.0349617886887972 1.043476195958309 1.0487473426267813 1.0535705707637861 1.07966511734119 1.0918004655237268 1.098386682607183 1.112722845640378 1.1268141161203904 1.14365214546045 1.1685120831412064 1.1943332073057906 1.2166185735401598
115 1610 -0.1314961433015866 -0.02517259152065894 0.030103718523948476 0.15896010870728644 0.6256181457452044 0.7745458568793895 0.8247887325750621 0.850299713560738 0.8694057087715297 0.875978714942691 0.8998323569509381 0.9041205786934183 0.9181708162610804 0.9290901168946896 0.9412995511091813 0.9568884126656404 0.9637420038527347 0.9737048661811682 0.9776637756893873 0.991108472776654 1.003303682618434 1.0221087757289193 1.0290480180656563 1.0349617886887972 1.043476195958309 1.0487473426267813 1.0535705707637861 1.07966511734119 1.0918004655237268 1.098386682607183 1.112722845640378 1.1268141161203904 1.14365214546045 1.1685120831412064 1.1943332073057906 1.2166185735401598
116 1624 -0.1314961433015866 -0.02517259152065894 0.030103718523948476 0.15896010870728644 0.6256181457452044 0.7745458568793895 0.8247887325750621 0.850299713560738 0.8694057087715297 0.875978714942691 0.8998323569509381 0.9041205786934183 0.9181708162610804 0.9290901168946896 0.9412995511091813 0.9568884126656404 0.9637420038527347 0.9737048661811682 0.9776637756893873 0.991108472776654 1.003303682618434 1.0221087757289193 1.0290480180656563 1.0349617886887972 1.043476195958309 1.0487473426267813 1.0535705707637861 1.07966511734119 1.0918004655237268 1.098386682607183 1.112722845640378 1.1268141161203904 1.14365214546045 1.1685120831412064 1.1943332073057906 1.2166185735401598
117 1638 -0.1314961433015866 -0.02517259152065894 0.030103718523948476 0.15896010870728644 0.6256181457452044 0.7745458568793895 0.8247887325750621 0.850299713560738 0.8694057087715297 0.875978714942691 0.8998323569509381 0.9041205786934183 0.9181708162610804 0.9290901168946896 0.9412995511091813 0.9568884126656404 0.9637420038527347 0.9737048661811682 0.9776637756893873 0.991108472776654 1.003303682618434 1.0221087757289193 1.0290480180656563 1.0349617886887972 1.043476195958309 1.0487473426267813 1.0535705707637861 1.07966511734119 1.0918004655237268 1.098386682607183 1.112722845640378 1.1268141161203904 1.14365214546045 1.1685120831412064 1.1943332073057906 1.2166185735401598
118 1652 -0.1314961433015866 -0.02517259152065894 0.030103718523948476 0.15896010870728644 0.6256181457452044 0.7745458568793895 0.8247887325750621 0.850299713560738 0.8694057087715297 0.875978714942691 0.8998323569509381 0.9041205786934183 0.9181708162610804 0.9290901168946896 0.9412995511091813 0.9568884126656404 0.9637420038527347 0.9737048661811682 0.9776637756893873 0.991108472776654 1.003303682618434 1.0221087757289193 1.0290480180656563 1.0349617886887972 1.043476195958309 1.0487473426267813 1.0535705707637861 1.07966511734119 1.0918004655237268 1.098386682607183 1.112722845640378 1.1268141161203904 1.14365214546045 1.1685120831412064 1.1943332073057906 1.2166185735401598
119 1666 -0.1314961433015866 -0.02517259152065894 0.030103718523948476 0.15896010870728644 0.6256181457452044 0.7745458568793895 0.8247887325750621 0.850299713560738 0.8694057087715297 0.875978714942691 0.8998323569509381 0.9041205786934183 0.9181708162610804 0.9290901168946896 0.9412995511091813 0.9568884126656404 0.9637420038527347 0.9737048661811682 0.9776637756893873 0.991108472776654 1.003303682618434 1.0221087757289193 1.0290480180656563 1.0349617886887972 1.043476195958309 1.0487473426267813 1.0535705707637861 1.07966511734119 1.0918004655237268 1.098386682607183 1.112722845640378 1.1268141161203904 1.14365214546045 1.1685120831412064 1.1943332073057906 1.2166185735401598
120 1680 -0.1314961433015866 -0.02517259152065894 0.030103718523948476 0.15896010870728644 0.6256181457452044 0.7745458568793895 0.8247887325750621 0.850299713560738 0.8694057087715297 0.875978714942691 0.8998323569509381 0.9041205786934183 0.9181708162610804 0.9290901168946896 0.9412995511091813 0.9568884126656404 0.9637420038527347 0.9737048661811682 0.9776637756893873 0.991108472776654 1.003303682618434 1.0221087757289193 1.0290480180656563 1.0349617886887972 1.043476195958309 1.0487473426267813 1.0535705707637861 1.07966511734119 1.0918004655237268 1.098386682607183 1.112722845640378 1.1268141161203904 1.14365214546045 1.1685120831412064 1.1943332073057906 1.2166185735401598
120 1680 -0.1314961433015866 -0.02517259152065894 0.030103718523948476 0.15896010870728644 0.6256181457452044 0.7745458568793895 0.8247887325750621 0.850299713560738 0.8694057087715297 0.875978714942691 0.8998323569509381 0.9041205786934183 0.9181708162610804 0.9290901168946896 0.9412995511091813 0.9568884126656404 0.9637420038527347 0.9737048661811682 0.9776637756893873 0.991108472776654 1.003303682618434 1.0221087757289193 1.0290480180656563 1.0349617886887972 1.043476195958309 1.0487473426267813 1.0535705707637861 1.07966511734119 1.0918004655237268 1.098386682607183 1.112722845640378 1.1268141161203904 1.14365214546045 1.1685120831412064 1.1943332073057906 1.2166185735401598
