% # columns="iteration, evaluation, min 25%tile 75%tile max correlation, correlation matrix principal axes lengths  (sorted square roots of eigenvalues of correlation matrix)", seed=91562, Sun Jun 21 09:08:42 2026
1 14 -0.010862328450633778 -0.002178493894784055 0.001978360695419444 0.010066380960049998 0.9720529718060825 0.9803713249962375 0.9868214172881029 0.9877939436571389 0.9926987095238122 0.9949071100539066 0.998192121223945 0.9982031746859839 0.9985722259359837 0.99913243529893 0.9992979272847012 0.9993823209754278 0.9995400993530192 1.000158325682165 1.000411525488916 1.000622764228821 1.000663452037683 1.0008824576863493 1.001427263179827 1.0017990237432848 1.0020405237043963 1.0026073707759788 1.003019898621118 1.0032696021992136 1.003614371744501 1.0040712247077976 1.004567584421543 1.0053317211455026 1.0065270432136655 1.010866592955997 1.0148117285542788 1.0249917243596183
2 28 -0.014905761965909365 -0.0029531170044659574 0.003288553812266905 0.012820522012853079 0.9720529718060825 0.9803713249962375 0.9868214172881029 0.9877939436571389 0.9926987095238122 0.9949071100539066 0.998192121223945 0.9982031746859839 0.9985722259359837 0.99913243529893 0.9992979272847012 0.9993823209754278 0.9995400993530192 1.000158325682165 1.000411525488916 1.000622764228821 1.000663452037683 1.0008824576863493 1.001427263179827 1.0017990237432848 1.0020405237043963 1.0026073707759788 1.003019898621118 1.0032696021992136 1.003614371744501 1.0040712247077976 1.004567584421543 1.0053317211455026 1.0065270432136655 1.010866592955997 1.0148117285542788 1.0249917243596183
3 42 -0.019971875350584666 -0.004318367381254281 0.004163521526817685 0.01716823948637634 0.9720529718060825 0.9803713249962375 0.9868214172881029 0.9877939436571389 0.9926987095238122 0.9949071100539066 0.998192121223945 0.9982031746859839 0.9985722259359837 0.99913243529893 0.9992979272847012 0.9993823209754278 0.9995400993530192 1.000158325682165 1.000411525488916 1.000622764228821 1.000663452037683 1.0008824576863493 1.001427263179827 1.0017990237432848 1.0020405237043963 1.0026073707759788 1.003019898621118 1.0032696021992136 1.003614371744501 1.0040712247077976 1.004567584421543 1.0053317211455026 1.0065270432136655 1.010866592955997 1.0148117285542788 1.0249917243596183
4 56 -0.024638743677402472 -0.0052596158221342145 0.004956537864291587 0.024325185125249216 0.9720529718060825 0.9803713249962375 0.9868214172881029 0.9877939436571389 0.9926987095238122 0.9949071100539066 0.998192121223945 0.9982031746859839 0.9985722259359837 0.99913243529893 0.9992979272847012 0.9993823209754278 0.9995400993530192 1.000158325682165 1.000411525488916 1.000622764228821 1.000663452037683 1.0008824576863493 1.001427263179827 1.0017990237432848 1.0020405237043963 1.0026073707759788 1.003019898621118 1.0032696021992136 1.003614371744501 1.0040712247077976 1.004567584421543 1.0053317211455026 1.0065270432136655 1.010866592955997 1.0148117285542788 1.0249917243596183
5 70 -0.02183062062976376 -0.005005385115402588 0.005544508299171633 0.03433533196060562 0.9720529718060825 0.9803713249962375 0.9868214172881029 0.9877939436571389 0.9926987095238122 0.9949071100539066 0.998192121223945 0.9982031746859839 0.9985722259359837 0.99913243529893 0.9992979272847012 0.9993823209754278 0.9995400993530192 1.000158325682165 1.000411525488916 1.000622764228821 1.000663452037683 1.0008824576863493 1.001427263179827 1.0017990237432848 1.0020405237043963 1.0026073707759788 1.003019898621118 1.0032696021992136 1.003614371744501 1.0040712247077976 1.004567584421543 1.0053317211455026 1.0065270432136655 1.010866592955997 1.0148117285542788 1.0249917243596183
6 84 -0.026351249084523198 -0.0062493992531456695 0.006035333587495365 0.04112560890584742 0.9720529718060825 0.9803713249962375 0.9868214172881029 0.9877939436571389 0.9926987095238122 0.9949071100539066 0.998192121223945 0.9982031746859839 0.9985722259359837 0.99913243529893 0.9992979272847012 0.9993823209754278 0.9995400993530192 1.000158325682165 1.000411525488916 1.000622764228821 1.000663452037683 1.0008824576863493 1.001427263179827 1.0017990237432848 1.0020405237043963 1.0026073707759788 1.003019898621118 1.0032696021992136 1.003614371744501 1.0040712247077976 1.004567584421543 1.0053317211455026 1.0065270432136655 1.010866592955997 1.0148117285542788 1.0249917243596183
7 98 -0.031219897103891277 -0.00750153896104706 0.006396035813946392 0.047377092518715705 0.9720529718060825 0.9803713249962375 0.9868214172881029 0.9877939436571389 0.9926987095238122 0.9949071100539066 0.998192121223945 0.9982031746859839 0.9985722259359837 0.99913243529893 0.9992979272847012 0.9993823209754278 0.9995400993530192 1.000158325682165 1.000411525488916 1.000622764228821 1.000663452037683 1.0008824576863493 1.001427263179827 1.0017990237432848 1.0020405237043963 1.0026073707759788 1.003019898621118 1.0032696021992136 1.003614371744501 1.0040712247077976 1.004567584421543 1.0053317211455026 1.0065270432136655 1.010866592955997 1.0148117285542788 1.0249917243596183
8 112 -0.04304421397719791 -0.00816717390982995 0.008224087695215408 0.05568389616580104 0.9720529718060825 0.9803713249962375 0.9868214172881029 0.9877939436571389 0.9926987095238122 0.9949071100539066 0.998192121223945 0.9982031746859839 0.9985722259359837 0.99913243529893 0.9992979272847012 0.9993823209754278 0.9995400993530192 1.000158325682165 1.000411525488916 1.000622764228821 1.000663452037683 1.0008824576863493 1.001427263179827 1.0017990237432848 1.0020405237043963 1.0026073707759788 1.003019898621118 1.0032696021992136 1.003614371744501 1.0040712247077976 1.004567584421543 1.0053317211455026 1.0065270432136655 1.010866592955997 1.0148117285542788 1.0249917243596183
9 126 -0.05024934506590001 -0.009568008823396243 0.00900646615003736 0.057690283186443175 0.9720529718060825 0.9803713249962375 0.9868214172881029 0.9877939436571389 0.9926987095238122 0.9949071100539066 0.998192121223945 0.9982031746859839 0.9985722259359837 0.99913243529893 0.9992979272847012 0.9993823209754278 0.9995400993530192 1.000158325682165 1.000411525488916 1.000622764228821 1.000663452037683 1.0008824576863493 1.001427263179827 1.0017990237432848 1.0020405237043963 1.0026073707759788 1.003019898621118 1.0032696021992136 1.003614371744501 1.0040712247077976 1.004567584421543 1.0053317211455026 1.0065270432136655 1.010866592955997 1.0148117285542788 1.0249917243596183
10 140 -0.0525760664527747 -0.009120689165341924 0.01062309253365231 0.06274659933723131 0.9720529718060825 0.9803713249962375 0.9868214172881029 0.9877939436571389 0.9926987095238122 0.9949071100539066 0.998192121223945 0.9982031746859839 0.9985722259359837 0.99913243529893 0.9992979272847012 0.9993823209754278 0.9995400993530192 1.000158325682165 1.000411525488916 1.000622764228821 1.000663452037683 1.0008824576863493 1.001427263179827 1.0017990237432848 1.0020405237043963 1.0026073707759788 1.003019898621118 1.0032696021992136 1.003614371744501 1.0040712247077976 1.004567584421543 1.0053317211455026 1.0065270432136655 1.010866592955997 1.0148117285542788 1.0249917243596183
11 154 -0.060788764770661245 -0.010597074717828564 0.010469613950215364 0.06166673089541698 0.9720529718060825 0.9803713249962375 0.9868214172881029 0.9877939436571389 0.9926987095238122 0.9949071100539066 0.998192121223945 0.9982031746859839 0.9985722259359837 0.99913243529893 0.9992979272847012 0.9993823209754278 0.9995400993530192 1.000158325682165 1.000411525488916 1.000622764228821 1.000663452037683 1.0008824576863493 1.001427263179827 1.0017990237432848 1.0020405237043963 1.0026073707759788 1.003019898621118 1.0032696021992136 1.003614371744501 1.0040712247077976 1.004567584421543 1.0053317211455026 1.0065270432136655 1.010866592955997 1.0148117285542788 1.0249917243596183
12 168 -0.07603918728405941 -0.011438624843838237 0.011866278456982968 0.06241571644890456 0.9720529718060825 0.9803713249962375 0.9868214172881029 0.9877939436571389 0.9926987095238122 0.9949071100539066 0.998192121223945 0.9982031746859839 0.9985722259359837 0.99913243529893 0.9992979272847012 0.9993823209754278 0.9995400993530192 1.000158325682165 1.000411525488916 1.000622764228821 1.000663452037683 1.0008824576863493 1.001427263179827 1.0017990237432848 1.0020405237043963 1.0026073707759788 1.003019898621118 1.0032696021992136 1.003614371744501 1.0040712247077976 1.004567584421543 1.0053317211455026 1.0065270432136655 1.010866592955997 1.0148117285542788 1.0249917243596183
13 182 -0.08390571632010753 -0.013341784782536531 0.01339800484519099 0.06575042376656653 0.9720529718060825 0.9803713249962375 0.9868214172881029 0.9877939436571389 0.9926987095238122 0.9949071100539066 0.998192121223945 0.9982031746859839 0.9985722259359837 0.99913243529893 0.9992979272847012 0.9993823209754278 0.9995400993530192 1.000158325682165 1.000411525488916 1.000622764228821 1.000663452037683 1.0008824576863493 1.001427263179827 1.0017990237432848 1.0020405237043963 1.0026073707759788 1.003019898621118 1.0032696021992136 1.003614371744501 1.0040712247077976 1.004567584421543 1.0053317211455026 1.0065270432136655 1.010866592955997 1.0148117285542788 1.0249917243596183
14 196 -0.09028995570908914 -0.013062258516632612 0.013216820664799416 0.0736807339695365 0.9720529718060825 0.9803713249962375 0.9868214172881029 0.9877939436571389 0.9926987095238122 0.9949071100539066 0.998192121223945 0.9982031746859839 0.9985722259359837 0.99913243529893 0.9992979272847012 0.9993823209754278 0.9995400993530192 1.000158325682165 1.000411525488916 1.000622764228821 1.000663452037683 1.0008824576863493 1.001427263179827 1.0017990237432848 1.0020405237043963 1.0026073707759788 1.003019898621118 1.0032696021992136 1.003614371744501 1.0040712247077976 1.004567584421543 1.0053317211455026 1.0065270432136655 1.010866592955997 1.0148117285542788 1.0249917243596183
15 210 -0.09074648316801576 -0.014709482350244244 0.013388839647248279 0.07818673352190068 0.9720529718060825 0.9803713249962375 0.9868214172881029 0.9877939436571389 0.9926987095238122 0.9949071100539066 0.998192121223945 0.9982031746859839 0.9985722259359837 0.99913243529893 0.9992979272847012 0.9993823209754278 0.9995400993530192 1.000158325682165 1.000411525488916 1.000622764228821 1.000663452037683 1.0008824576863493 1.001427263179827 1.0017990237432848 1.0020405237043963 1.0026073707759788 1.003019898621118 1.0032696021992136 1.003614371744501 1.0040712247077976 1.004567584421543 1.0053317211455026 1.0065270432136655 1.010866592955997 1.0148117285542788 1.0249917243596183
16 224 -0.10077737504027667 -0.015584825700469401 0.014228943733856872 0.09017728495632994 0.9720529718060825 0.9803713249962375 0.9868214172881029 0.9877939436571389 0.9926987095238122 0.9949071100539066 0.998192121223945 0.9982031746859839 0.9985722259359837 0.99913243529893 0.9992979272847012 0.9993823209754278 0.9995400993530192 1.000158325682165 1.000411525488916 1.000622764228821 1.000663452037683 1.0008824576863493 1.001427263179827 1.0017990237432848 1.0020405237043963 1.0026073707759788 1.003019898621118 1.0032696021992136 1.003614371744501 1.0040712247077976 1.004567584421543 1.0053317211455026 1.0065270432136655 1.010866592955997 1.0148117285542788 1.0249917243596183
17 238 -0.1001054215756944 -0.016724388890279933 0.015007961357679067 0.09743687719121298 0.9720529718060825 0.9803713249962375 0.9868214172881029 0.9877939436571389 0.9926987095238122 0.9949071100539066 0.998192121223945 0.9982031746859839 0.9985722259359837 0.99913243529893 0.9992979272847012 0.9993823209754278 0.9995400993530192 1.000158325682165 1.000411525488916 1.000622764228821 1.000663452037683 1.0008824576863493 1.001427263179827 1.0017990237432848 1.0020405237043963 1.0026073707759788 1.003019898621118 1.0032696021992136 1.003614371744501 1.0040712247077976 1.004567584421543 1.0053317211455026 1.0065270432136655 1.010866592955997 1.0148117285542788 1.0249917243596183
18 252 -0.0993533092715074 -0.01832475052818569 0.01700695350182728 0.10383575053463638 0.9720529718060825 0.9803713249962375 0.9868214172881029 0.9877939436571389 0.9926987095238122 0.9949071100539066 0.998192121223945 0.9982031746859839 0.9985722259359837 0.99913243529893 0.9992979272847012 0.9993823209754278 0.9995400993530192 1.000158325682165 1.000411525488916 1.000622764228821 1.000663452037683 1.0008824576863493 1.001427263179827 1.0017990237432848 1.0020405237043963 1.0026073707759788 1.003019898621118 1.0032696021992136 1.003614371744501 1.0040712247077976 1.004567584421543 1.0053317211455026 1.0065270432136655 1.010866592955997 1.0148117285542788 1.0249917243596183
19 266 -0.1014054912063039 -0.01927956773252168 0.01765527852943928 0.10375727499239978 0.9720529718060825 0.9803713249962375 0.9868214172881029 0.9877939436571389 0.9926987095238122 0.9949071100539066 0.998192121223945 0.9982031746859839 0.9985722259359837 0.99913243529893 0.9992979272847012 0.9993823209754278 0.9995400993530192 1.000158325682165 1.000411525488916 1.000622764228821 1.000663452037683 1.0008824576863493 1.001427263179827 1.0017990237432848 1.0020405237043963 1.0026073707759788 1.003019898621118 1.0032696021992136 1.003614371744501 1.0040712247077976 1.004567584421543 1.0053317211455026 1.0065270432136655 1.010866592955997 1.0148117285542788 1.0249917243596183
20 280 -0.10642691253360104 -0.0190888718713077 0.018737183048199192 0.1076410565061249 0.9720529718060825 0.9803713249962375 0.9868214172881029 0.9877939436571389 0.9926987095238122 0.9949071100539066 0.998192121223945 0.9982031746859839 0.9985722259359837 0.99913243529893 0.9992979272847012 0.9993823209754278 0.9995400993530192 1.000158325682165 1.000411525488916 1.000622764228821 1.000663452037683 1.0008824576863493 1.001427263179827 1.0017990237432848 1.0020405237043963 1.0026073707759788 1.003019898621118 1.0032696021992136 1.003614371744501 1.0040712247077976 1.004567584421543 1.0053317211455026 1.0065270432136655 1.010866592955997 1.0148117285542788 1.0249917243596183
21 294 -0.11042305274636907 -0.019273538588276358 0.018865539603195564 0.1177507895025967 0.9720529718060825 0.9803713249962375 0.9868214172881029 0.9877939436571389 0.9926987095238122 0.9949071100539066 0.998192121223945 0.9982031746859839 0.9985722259359837 0.99913243529893 0.9992979272847012 0.9993823209754278 0.9995400993530192 1.000158325682165 1.000411525488916 1.000622764228821 1.000663452037683 1.0008824576863493 1.001427263179827 1.0017990237432848 1.0020405237043963 1.0026073707759788 1.003019898621118 1.0032696021992136 1.003614371744501 1.0040712247077976 1.004567584421543 1.0053317211455026 1.0065270432136655 1.010866592955997 1.0148117285542788 1.0249917243596183
22 308 -0.11569791504236736 -0.02114569248626732 0.02000503186432926 0.12587988471048647 0.9720529718060825 0.9803713249962375 0.9868214172881029 0.9877939436571389 0.9926987095238122 0.9949071100539066 0.998192121223945 0.9982031746859839 0.9985722259359837 0.99913243529893 0.9992979272847012 0.9993823209754278 0.9995400993530192 1.000158325682165 1.000411525488916 1.000622764228821 1.000663452037683 1.0008824576863493 1.001427263179827 1.0017990237432848 1.0020405237043963 1.0026073707759788 1.003019898621118 1.0032696021992136 1.003614371744501 1.0040712247077976 1.004567584421543 1.0053317211455026 1.0065270432136655 1.010866592955997 1.0148117285542788 1.0249917243596183
23 322 -0.12025620586103056 -0.020829843080964035 0.021512266132731397 0.13081933990759068 0.9720529718060825 0.9803713249962375 0.9868214172881029 0.9877939436571389 0.9926987095238122 0.9949071100539066 0.998192121223945 0.9982031746859839 0.9985722259359837 0.99913243529893 0.9992979272847012 0.9993823209754278 0.9995400993530192 1.000158325682165 1.000411525488916 1.000622764228821 1.000663452037683 1.0008824576863493 1.001427263179827 1.0017990237432848 1.0020405237043963 1.0026073707759788 1.003019898621118 1.0032696021992136 1.003614371744501 1.0040712247077976 1.004567584421543 1.0053317211455026 1.0065270432136655 1.010866592955997 1.0148117285542788 1.0249917243596183
24 336 -0.13264191630604014 -0.022267188138464768 0.022461969728157418 0.12288297709151508 0.9720529718060825 0.9803713249962375 0.9868214172881029 0.9877939436571389 0.9926987095238122 0.9949071100539066 0.998192121223945 0.9982031746859839 0.9985722259359837 0.99913243529893 0.9992979272847012 0.9993823209754278 0.9995400993530192 1.000158325682165 1.000411525488916 1.000622764228821 1.000663452037683 1.0008824576863493 1.001427263179827 1.0017990237432848 1.0020405237043963 1.0026073707759788 1.003019898621118 1.0032696021992136 1.003614371744501 1.0040712247077976 1.004567584421543 1.0053317211455026 1.0065270432136655 1.010866592955997 1.0148117285542788 1.0249917243596183
25 350 -0.13838277861146836 -0.023789252004639848 0.02224800302678602 0.12841123967012594 0.9720529718060825 0.9803713249962375 0.9868214172881029 0.9877939436571389 0.9926987095238122 0.9949071100539066 0.998192121223945 0.9982031746859839 0.9985722259359837 0.99913243529893 0.9992979272847012 0.9993823209754278 0.9995400993530192 1.000158325682165 1.000411525488916 1.000622764228821 1.000663452037683 1.0008824576863493 1.001427263179827 1.0017990237432848 1.0020405237043963 1.0026073707759788 1.003019898621118 1.0032696021992136 1.003614371744501 1.0040712247077976 1.004567584421543 1.0053317211455026 1.0065270432136655 1.010866592955997 1.0148117285542788 1.0249917243596183
26 364 -0.14489966051302142 -0.02440281151022275 0.023688491510565655 0.12741098798144831 0.9720529718060825 0.9803713249962375 0.9868214172881029 0.9877939436571389 0.9926987095238122 0.9949071100539066 0.998192121223945 0.9982031746859839 0.9985722259359837 0.99913243529893 0.9992979272847012 0.9993823209754278 0.9995400993530192 1.000158325682165 1.000411525488916 1.000622764228821 1.000663452037683 1.0008824576863493 1.001427263179827 1.0017990237432848 1.0020405237043963 1.0026073707759788 1.003019898621118 1.0032696021992136 1.003614371744501 1.0040712247077976 1.004567584421543 1.0053317211455026 1.0065270432136655 1.010866592955997 1.0148117285542788 1.0249917243596183
27 378 -0.1471352080892949 -0.02587709701919081 0.024812007816714405 0.12711188575338095 0.9720529718060825 0.9803713249962375 0.9868214172881029 0.9877939436571389 0.9926987095238122 0.9949071100539066 0.998192121223945 0.9982031746859839 0.9985722259359837 0.99913243529893 0.9992979272847012 0.9993823209754278 0.9995400993530192 1.000158325682165 1.000411525488916 1.000622764228821 1.000663452037683 1.0008824576863493 1.001427263179827 1.0017990237432848 1.0020405237043963 1.0026073707759788 1.003019898621118 1.0032696021992136 1.003614371744501 1.0040712247077976 1.004567584421543 1.0053317211455026 1.0065270432136655 1.010866592955997 1.0148117285542788 1.0249917243596183
28 392 -0.14801334996483406 -0.025797177278665578 0.02518235356125699 0.13711889708039177 0.9720529718060825 0.9803713249962375 0.9868214172881029 0.9877939436571389 0.9926987095238122 0.9949071100539066 0.998192121223945 0.9982031746859839 0.9985722259359837 0.99913243529893 0.9992979272847012 0.9993823209754278 0.9995400993530192 1.000158325682165 1.000411525488916 1.000622764228821 1.000663452037683 1.0008824576863493 1.001427263179827 1.0017990237432848 1.0020405237043963 1.0026073707759788 1.003019898621118 1.0032696021992136 1.003614371744501 1.0040712247077976 1.004567584421543 1.0053317211455026 1.0065270432136655 1.010866592955997 1.0148117285542788 1.0249917243596183
29 406 -0.1516402878293268 -0.0263959888683759 0.0248338910644012 0.1410510095123355 0.9720529718060825 0.9803713249962375 0.9868214172881029 0.9877939436571389 0.9926987095238122 0.9949071100539066 0.998192121223945 0.9982031746859839 0.9985722259359837 0.99913243529893 0.9992979272847012 0.9993823209754278 0.9995400993530192 1.000158325682165 1.000411525488916 1.000622764228821 1.000663452037683 1.0008824576863493 1.001427263179827 1.0017990237432848 1.0020405237043963 1.0026073707759788 1.003019898621118 1.0032696021992136 1.003614371744501 1.0040712247077976 1.004567584421543 1.0053317211455026 1.0065270432136655 1.010866592955997 1.0148117285542788 1.0249917243596183
30 420 -0.16109436818814682 -0.026665277689372876 0.027634800412067895 0.134861398148447 0.9720529718060825 0.9803713249962375 0.9868214172881029 0.9877939436571389 0.9926987095238122 0.9949071100539066 0.998192121223945 0.9982031746859839 0.9985722259359837 0.99913243529893 0.9992979272847012 0.9993823209754278 0.9995400993530192 1.000158325682165 1.000411525488916 1.000622764228821 1.000663452037683 1.0008824576863493 1.001427263179827 1.0017990237432848 1.0020405237043963 1.0026073707759788 1.003019898621118 1.0032696021992136 1.003614371744501 1.0040712247077976 1.004567584421543 1.0053317211455026 1.0065270432136655 1.010866592955997 1.0148117285542788 1.0249917243596183
31 434 -0.16053192338417843 -0.02749360568275905 0.027140443179157696 0.13530212839221886 0.9720529718060825 0.9803713249962375 0.9868214172881029 0.9877939436571389 0.9926987095238122 0.9949071100539066 0.998192121223945 0.9982031746859839 0.9985722259359837 0.99913243529893 0.9992979272847012 0.9993823209754278 0.9995400993530192 1.000158325682165 1.000411525488916 1.000622764228821 1.000663452037683 1.0008824576863493 1.001427263179827 1.0017990237432848 1.0020405237043963 1.0026073707759788 1.003019898621118 1.0032696021992136 1.003614371744501 1.0040712247077976 1.004567584421543 1.0053317211455026 1.0065270432136655 1.010866592955997 1.0148117285542788 1.0249917243596183
32 448 -0.15614091645982275 -0.029377072392697788 0.029598947482888965 0.12918882516615615 0.9720529718060825 0.9803713249962375 0.9868214172881029 0.9877939436571389 0.9926987095238122 0.9949071100539066 0.998192121223945 0.9982031746859839 0.9985722259359837 0.99913243529893 0.9992979272847012 0.9993823209754278 0.9995400993530192 1.000158325682165 1.000411525488916 1.000622764228821 1.000663452037683 1.0008824576863493 1.001427263179827 1.0017990237432848 1.0020405237043963 1.0026073707759788 1.003019898621118 1.0032696021992136 1.003614371744501 1.0040712247077976 1.004567584421543 1.0053317211455026 1.0065270432136655 1.010866592955997 1.0148117285542788 1.0249917243596183
33 462 -0.15381387676022704 -0.030248981706212746 0.030259267127685417 0.12887465961064534 0.8565636246544689 0.8763442214068946 0.8825394603341239 0.8900649787453009 0.8940999205331055 0.9186376599076541 0.9199211674613252 0.9267920792195121 0.931079933459993 0.9393480304304517 0.9521934847444667 0.9575439568458299 0.96126387472842 0.9691412748198628 0.9706193844915896 0.9761019856162236 0.9810093138569952 0.9880601904008777 0.9933705003063157 1.0024108271799246 1.0070199456738205 1.0102293935774753 1.019837306886222 1.0221758246421504 1.0380541501839564 1.04576068516591 1.0512952716673263 1.0674195128524158 1.0870305288132476 1.0987271649061938 1.1255208850181198 1.458252834054916
34 476 -0.16109361716579346 -0.030719969336213328 0.03040495690371607 0.1301527728775389 0.8565636246544689 0.8763442214068946 0.8825394603341239 0.8900649787453009 0.8940999205331055 0.9186376599076541 0.9199211674613252 0.9267920792195121 0.931079933459993 0.9393480304304517 0.9521934847444667 0.9575439568458299 0.96126387472842 0.9691412748198628 0.9706193844915896 0.9761019856162236 0.9810093138569952 0.9880601904008777 0.9933705003063157 1.0024108271799246 1.0070199456738205 1.0102293935774753 1.019837306886222 1.0221758246421504 1.0380541501839564 1.04576068516591 1.0512952716673263 1.0674195128524158 1.0870305288132476 1.0987271649061938 1.1255208850181198 1.458252834054916
35 490 -0.15524899736208417 -0.029485014168936678 0.030421178757099585 0.12353410556194896 0.8565636246544689 0.8763442214068946 0.8825394603341239 0.8900649787453009 0.8940999205331055 0.9186376599076541 0.9199211674613252 0.9267920792195121 0.931079933459993 0.9393480304304517 0.9521934847444667 0.9575439568458299 0.96126387472842 0.9691412748198628 0.9706193844915896 0.9761019856162236 0.9810093138569952 0.9880601904008777 0.9933705003063157 1.0024108271799246 1.0070199456738205 1.0102293935774753 1.019837306886222 1.0221758246421504 1.0380541501839564 1.04576068516591 1.0512952716673263 1.0674195128524158 1.0870305288132476 1.0987271649061938 1.1255208850181198 1.458252834054916
36 504 -0.15345918565250075 -0.031177240379807444 0.029551003961879388 0.11930926758749605 0.8565636246544689 0.8763442214068946 0.8825394603341239 0.8900649787453009 0.8940999205331055 0.9186376599076541 0.9199211674613252 0.9267920792195121 0.931079933459993 0.9393480304304517 0.9521934847444667 0.9575439568458299 0.96126387472842 0.9691412748198628 0.9706193844915896 0.9761019856162236 0.9810093138569952 0.9880601904008777 0.9933705003063157 1.0024108271799246 1.0070199456738205 1.0102293935774753 1.019837306886222 1.0221758246421504 1.0380541501839564 1.04576068516591 1.0512952716673263 1.0674195128524158 1.0870305288132476 1.0987271649061938 1.1255208850181198 1.458252834054916
37 518 -0.15367663098903758 -0.032015595132347016 0.030179038470775507 0.12103150679569918 0.8565636246544689 0.8763442214068946 0.8825394603341239 0.8900649787453009 0.8940999205331055 0.9186376599076541 0.9199211674613252 0.9267920792195121 0.931079933459993 0.9393480304304517 0.9521934847444667 0.9575439568458299 0.96126387472842 0.9691412748198628 0.9706193844915896 0.9761019856162236 0.9810093138569952 0.9880601904008777 0.9933705003063157 1.0024108271799246 1.0070199456738205 1.0102293935774753 1.019837306886222 1.0221758246421504 1.0380541501839564 1.04576068516591 1.0512952716673263 1.0674195128524158 1.0870305288132476 1.0987271649061938 1.1255208850181198 1.458252834054916
38 532 -0.15987941207082046 -0.03281575917240459 0.03089268004064121 0.12161573607891384 0.8565636246544689 0.8763442214068946 0.8825394603341239 0.8900649787453009 0.8940999205331055 0.9186376599076541 0.9199211674613252 0.9267920792195121 0.931079933459993 0.9393480304304517 0.9521934847444667 0.9575439568458299 0.96126387472842 0.9691412748198628 0.9706193844915896 0.9761019856162236 0.9810093138569952 0.9880601904008777 0.9933705003063157 1.0024108271799246 1.0070199456738205 1.0102293935774753 1.019837306886222 1.0221758246421504 1.0380541501839564 1.04576068516591 1.0512952716673263 1.0674195128524158 1.0870305288132476 1.0987271649061938 1.1255208850181198 1.458252834054916
39 546 -0.157156537871735 -0.03371092472500091 0.032147250166865204 0.12460070470428483 0.8565636246544689 0.8763442214068946 0.8825394603341239 0.8900649787453009 0.8940999205331055 0.9186376599076541 0.9199211674613252 0.9267920792195121 0.931079933459993 0.9393480304304517 0.9521934847444667 0.9575439568458299 0.96126387472842 0.9691412748198628 0.9706193844915896 0.9761019856162236 0.9810093138569952 0.9880601904008777 0.9933705003063157 1.0024108271799246 1.0070199456738205 1.0102293935774753 1.019837306886222 1.0221758246421504 1.0380541501839564 1.04576068516591 1.0512952716673263 1.0674195128524158 1.0870305288132476 1.0987271649061938 1.1255208850181198 1.458252834054916
40 560 -0.15653641040770985 -0.03422087377371166 0.032448612935138996 0.12742546462658702 0.8565636246544689 0.8763442214068946 0.8825394603341239 0.8900649787453009 0.8940999205331055 0.9186376599076541 0.9199211674613252 0.9267920792195121 0.931079933459993 0.9393480304304517 0.9521934847444667 0.9575439568458299 0.96126387472842 0.9691412748198628 0.9706193844915896 0.9761019856162236 0.9810093138569952 0.9880601904008777 0.9933705003063157 1.0024108271799246 1.0070199456738205 1.0102293935774753 1.019837306886222 1.0221758246421504 1.0380541501839564 1.04576068516591 1.0512952716673263 1.0674195128524158 1.0870305288132476 1.0987271649061938 1.1255208850181198 1.458252834054916
41 574 -0.15903993954517165 -0.03492256606376293 0.031464406221348856 0.1261278827155253 0.8565636246544689 0.8763442214068946 0.8825394603341239 0.8900649787453009 0.8940999205331055 0.9186376599076541 0.9199211674613252 0.9267920792195121 0.931079933459993 0.9393480304304517 0.9521934847444667 0.9575439568458299 0.96126387472842 0.9691412748198628 0.9706193844915896 0.9761019856162236 0.9810093138569952 0.9880601904008777 0.9933705003063157 1.0024108271799246 1.0070199456738205 1.0102293935774753 1.019837306886222 1.0221758246421504 1.0380541501839564 1.04576068516591 1.0512952716673263 1.0674195128524158 1.0870305288132476 1.0987271649061938 1.1255208850181198 1.458252834054916
42 588 -0.15501590967191803 -0.03673151280161745 0.031308445041786544 0.13562117227715986 0.8565636246544689 0.8763442214068946 0.8825394603341239 0.8900649787453009 0.8940999205331055 0.9186376599076541 0.9199211674613252 0.9267920792195121 0.931079933459993 0.9393480304304517 0.9521934847444667 0.9575439568458299 0.96126387472842 0.9691412748198628 0.9706193844915896 0.9761019856162236 0.9810093138569952 0.9880601904008777 0.9933705003063157 1.0024108271799246 1.0070199456738205 1.0102293935774753 1.019837306886222 1.0221758246421504 1.0380541501839564 1.04576068516591 1.0512952716673263 1.0674195128524158 1.0870305288132476 1.0987271649061938 1.1255208850181198 1.458252834054916
43 602 -0.1568092141196437 -0.03694452945278276 0.031737216370507526 0.14195784428083139 0.8565636246544689 0.8763442214068946 0.8825394603341239 0.8900649787453009 0.8940999205331055 0.9186376599076541 0.9199211674613252 0.9267920792195121 0.931079933459993 0.9393480304304517 0.9521934847444667 0.9575439568458299 0.96126387472842 0.9691412748198628 0.9706193844915896 0.9761019856162236 0.9810093138569952 0.9880601904008777 0.9933705003063157 1.0024108271799246 1.0070199456738205 1.0102293935774753 1.019837306886222 1.0221758246421504 1.0380541501839564 1.04576068516591 1.0512952716673263 1.0674195128524158 1.0870305288132476 1.0987271649061938 1.1255208850181198 1.458252834054916
44 616 -0.16480530168256546 -0.03664282240481202 0.02991627325673598 0.1389379075407389 0.8565636246544689 0.8763442214068946 0.8825394603341239 0.8900649787453009 0.8940999205331055 0.9186376599076541 0.9199211674613252 0.9267920792195121 0.931079933459993 0.9393480304304517 0.9521934847444667 0.9575439568458299 0.96126387472842 0.9691412748198628 0.9706193844915896 0.9761019856162236 0.9810093138569952 0.9880601904008777 0.9933705003063157 1.0024108271799246 1.0070199456738205 1.0102293935774753 1.019837306886222 1.0221758246421504 1.0380541501839564 1.04576068516591 1.0512952716673263 1.0674195128524158 1.0870305288132476 1.0987271649061938 1.1255208850181198 1.458252834054916
45 630 -0.1649432502554 -0.03678689078700173 0.030023146719053387 0.13428065008547346 0.8565636246544689 0.8763442214068946 0.8825394603341239 0.8900649787453009 0.8940999205331055 0.9186376599076541 0.9199211674613252 0.9267920792195121 0.931079933459993 0.9393480304304517 0.9521934847444667 0.9575439568458299 0.96126387472842 0.9691412748198628 0.9706193844915896 0.9761019856162236 0.9810093138569952 0.9880601904008777 0.9933705003063157 1.0024108271799246 1.0070199456738205 1.0102293935774753 1.019837306886222 1.0221758246421504 1.0380541501839564 1.04576068516591 1.0512952716673263 1.0674195128524158 1.0870305288132476 1.0987271649061938 1.1255208850181198 1.458252834054916
46 644 -0.17139350170563245 -0.0362787547654463 0.03080824973493443 0.13674740742541397 0.8565636246544689 0.8763442214068946 0.8825394603341239 0.8900649787453009 0.8940999205331055 0.9186376599076541 0.9199211674613252 0.9267920792195121 0.931079933459993 0.9393480304304517 0.9521934847444667 0.9575439568458299 0.96126387472842 0.9691412748198628 0.9706193844915896 0.9761019856162236 0.9810093138569952 0.9880601904008777 0.9933705003063157 1.0024108271799246 1.0070199456738205 1.0102293935774753 1.019837306886222 1.0221758246421504 1.0380541501839564 1.04576068516591 1.0512952716673263 1.0674195128524158 1.0870305288132476 1.0987271649061938 1.1255208850181198 1.458252834054916
47 658 -0.17222026809729873 -0.037263905976914403 0.03151976035521485 0.13380654863035302 0.8565636246544689 0.8763442214068946 0.8825394603341239 0.8900649787453009 0.8940999205331055 0.9186376599076541 0.9199211674613252 0.9267920792195121 0.931079933459993 0.9393480304304517 0.9521934847444667 0.9575439568458299 0.96126387472842 0.9691412748198628 0.9706193844915896 0.9761019856162236 0.9810093138569952 0.9880601904008777 0.9933705003063157 1.0024108271799246 1.0070199456738205 1.0102293935774753 1.019837306886222 1.0221758246421504 1.0380541501839564 1.04576068516591 1.0512952716673263 1.0674195128524158 1.0870305288132476 1.0987271649061938 1.1255208850181198 1.458252834054916
48 672 -0.17331669154303392 -0.037071649570340814 0.030584503200966173 0.14231286075668678 0.8565636246544689 0.8763442214068946 0.8825394603341239 0.8900649787453009 0.8940999205331055 0.9186376599076541 0.9199211674613252 0.9267920792195121 0.931079933459993 0.9393480304304517 0.9521934847444667 0.9575439568458299 0.96126387472842 0.9691412748198628 0.9706193844915896 0.9761019856162236 0.9810093138569952 0.9880601904008777 0.9933705003063157 1.0024108271799246 1.0070199456738205 1.0102293935774753 1.019837306886222 1.0221758246421504 1.0380541501839564 1.04576068516591 1.0512952716673263 1.0674195128524158 1.0870305288132476 1.0987271649061938 1.1255208850181198 1.458252834054916
49 686 -0.17560865866018005 -0.0372009901362082 0.031820196723551686 0.14579988284870793 0.8565636246544689 0.8763442214068946 0.8825394603341239 0.8900649787453009 0.8940999205331055 0.9186376599076541 0.9199211674613252 0.9267920792195121 0.931079933459993 0.9393480304304517 0.9521934847444667 0.9575439568458299 0.96126387472842 0.9691412748198628 0.9706193844915896 0.9761019856162236 0.9810093138569952 0.9880601904008777 0.9933705003063157 1.0024108271799246 1.0070199456738205 1.0102293935774753 1.019837306886222 1.0221758246421504 1.0380541501839564 1.04576068516591 1.0512952716673263 1.0674195128524158 1.0870305288132476 1.0987271649061938 1.1255208850181198 1.458252834054916
50 700 -0.17658478332431676 -0.03824773769181894 0.03201100011445077 0.15070160855925752 0.8565636246544689 0.8763442214068946 0.8825394603341239 0.8900649787453009 0.8940999205331055 0.9186376599076541 0.9199211674613252 0.9267920792195121 0.931079933459993 0.9393480304304517 0.9521934847444667 0.9575439568458299 0.96126387472842 0.9691412748198628 0.9706193844915896 0.9761019856162236 0.9810093138569952 0.9880601904008777 0.9933705003063157 1.0024108271799246 1.0070199456738205 1.0102293935774753 1.019837306886222 1.0221758246421504 1.0380541501839564 1.04576068516591 1.0512952716673263 1.0674195128524158 1.0870305288132476 1.0987271649061938 1.1255208850181198 1.458252834054916
51 714 -0.1756482175061508 -0.03768744486690017 0.032447385086130556 0.1431401532530848 0.8565636246544689 0.8763442214068946 0.8825394603341239 0.8900649787453009 0.8940999205331055 0.9186376599076541 0.9199211674613252 0.9267920792195121 0.931079933459993 0.9393480304304517 0.9521934847444667 0.9575439568458299 0.96126387472842 0.9691412748198628 0.9706193844915896 0.9761019856162236 0.9810093138569952 0.9880601904008777 0.9933705003063157 1.0024108271799246 1.0070199456738205 1.0102293935774753 1.019837306886222 1.0221758246421504 1.0380541501839564 1.04576068516591 1.0512952716673263 1.0674195128524158 1.0870305288132476 1.0987271649061938 1.1255208850181198 1.458252834054916
52 728 -0.17786750016871855 -0.039528095974942314 0.03576192997608135 0.14074657534408166 0.8565636246544689 0.8763442214068946 0.8825394603341239 0.8900649787453009 0.8940999205331055 0.9186376599076541 0.9199211674613252 0.9267920792195121 0.931079933459993 0.9393480304304517 0.9521934847444667 0.9575439568458299 0.96126387472842 0.9691412748198628 0.9706193844915896 0.9761019856162236 0.9810093138569952 0.9880601904008777 0.9933705003063157 1.0024108271799246 1.0070199456738205 1.0102293935774753 1.019837306886222 1.0221758246421504 1.0380541501839564 1.04576068516591 1.0512952716673263 1.0674195128524158 1.0870305288132476 1.0987271649061938 1.1255208850181198 1.458252834054916
53 742 -0.18723092518903794 -0.039018298014506875 0.034676334787105925 0.14193073707368042 0.8565636246544689 0.8763442214068946 0.8825394603341239 0.8900649787453009 0.8940999205331055 0.9186376599076541 0.9199211674613252 0.9267920792195121 0.931079933459993 0.9393480304304517 0.9521934847444667 0.9575439568458299 0.96126387472842 0.9691412748198628 0.9706193844915896 0.9761019856162236 0.9810093138569952 0.9880601904008777 0.9933705003063157 1.0024108271799246 1.0070199456738205 1.0102293935774753 1.019837306886222 1.0221758246421504 1.0380541501839564 1.04576068516591 1.0512952716673263 1.0674195128524158 1.0870305288132476 1.0987271649061938 1.1255208850181198 1.458252834054916
54 756 -0.18424888544296358 -0.03953216023528784 0.03410658073759154 0.13944213423900106 0.8565636246544689 0.8763442214068946 0.8825394603341239 0.8900649787453009 0.8940999205331055 0.9186376599076541 0.9199211674613252 0.9267920792195121 0.931079933459993 0.9393480304304517 0.9521934847444667 0.9575439568458299 0.96126387472842 0.9691412748198628 0.9706193844915896 0.9761019856162236 0.9810093138569952 0.9880601904008777 0.9933705003063157 1.0024108271799246 1.0070199456738205 1.0102293935774753 1.019837306886222 1.0221758246421504 1.0380541501839564 1.04576068516591 1.0512952716673263 1.0674195128524158 1.0870305288132476 1.0987271649061938 1.1255208850181198 1.458252834054916
55 770 -0.1868695359349476 -0.03989941733474802 0.034303772659523876 0.141591064442675 0.8565636246544689 0.8763442214068946 0.8825394603341239 0.8900649787453009 0.8940999205331055 0.9186376599076541 0.9199211674613252 0.9267920792195121 0.931079933459993 0.9393480304304517 0.9521934847444667 0.9575439568458299 0.96126387472842 0.9691412748198628 0.9706193844915896 0.9761019856162236 0.9810093138569952 0.9880601904008777 0.9933705003063157 1.0024108271799246 1.0070199456738205 1.0102293935774753 1.019837306886222 1.0221758246421504 1.0380541501839564 1.04576068516591 1.0512952716673263 1.0674195128524158 1.0870305288132476 1.0987271649061938 1.1255208850181198 1.458252834054916
56 784 -0.18668036082374823 -0.039294379708196325 0.03407227467000576 0.14119946899052432 0.8565636246544689 0.8763442214068946 0.8825394603341239 0.8900649787453009 0.8940999205331055 0.9186376599076541 0.9199211674613252 0.9267920792195121 0.931079933459993 0.9393480304304517 0.9521934847444667 0.9575439568458299 0.96126387472842 0.9691412748198628 0.9706193844915896 0.9761019856162236 0.9810093138569952 0.9880601904008777 0.9933705003063157 1.0024108271799246 1.0070199456738205 1.0102293935774753 1.019837306886222 1.0221758246421504 1.0380541501839564 1.04576068516591 1.0512952716673263 1.0674195128524158 1.0870305288132476 1.0987271649061938 1.1255208850181198 1.458252834054916
57 798 -0.1875313761613789 -0.039594408739683715 0.03267873993454885 0.1408465322606123 0.8565636246544689 0.8763442214068946 0.8825394603341239 0.8900649787453009 0.8940999205331055 0.9186376599076541 0.9199211674613252 0.9267920792195121 0.931079933459993 0.9393480304304517 0.9521934847444667 0.9575439568458299 0.96126387472842 0.9691412748198628 0.9706193844915896 0.9761019856162236 0.9810093138569952 0.9880601904008777 0.9933705003063157 1.0024108271799246 1.0070199456738205 1.0102293935774753 1.019837306886222 1.0221758246421504 1.0380541501839564 1.04576068516591 1.0512952716673263 1.0674195128524158 1.0870305288132476 1.0987271649061938 1.1255208850181198 1.458252834054916
58 812 -0.1836467779525944 -0.038931133228000736 0.031092166941301257 0.14305295252091413 0.8565636246544689 0.8763442214068946 0.8825394603341239 0.8900649787453009 0.8940999205331055 0.9186376599076541 0.9199211674613252 0.9267920792195121 0.931079933459993 0.9393480304304517 0.9521934847444667 0.9575439568458299 0.96126387472842 0.9691412748198628 0.9706193844915896 0.9761019856162236 0.9810093138569952 0.9880601904008777 0.9933705003063157 1.0024108271799246 1.0070199456738205 1.0102293935774753 1.019837306886222 1.0221758246421504 1.0380541501839564 1.04576068516591 1.0512952716673263 1.0674195128524158 1.0870305288132476 1.0987271649061938 1.1255208850181198 1.458252834054916
59 826 -0.18538644986938765 -0.038900391343342125 0.033078703154443945 0.1454562778352427 0.8565636246544689 0.8763442214068946 0.8825394603341239 0.8900649787453009 0.8940999205331055 0.9186376599076541 0.9199211674613252 0.9267920792195121 0.931079933459993 0.9393480304304517 0.9521934847444667 0.9575439568458299 0.96126387472842 0.9691412748198628 0.9706193844915896 0.9761019856162236 0.9810093138569952 0.9880601904008777 0.9933705003063157 1.0024108271799246 1.0070199456738205 1.0102293935774753 1.019837306886222 1.0221758246421504 1.0380541501839564 1.04576068516591 1.0512952716673263 1.0674195128524158 1.0870305288132476 1.0987271649061938 1.1255208850181198 1.458252834054916
60 840 -0.18845807624084945 -0.03940660587128134 0.033913657287844956 0.15095729477908976 0.8565636246544689 0.8763442214068946 0.8825394603341239 0.8900649787453009 0.8940999205331055 0.9186376599076541 0.9199211674613252 0.9267920792195121 0.931079933459993 0.9393480304304517 0.9521934847444667 0.9575439568458299 0.96126387472842 0.9691412748198628 0.9706193844915896 0.9761019856162236 0.9810093138569952 0.9880601904008777 0.9933705003063157 1.0024108271799246 1.0070199456738205 1.0102293935774753 1.019837306886222 1.0221758246421504 1.0380541501839564 1.04576068516591 1.0512952716673263 1.0674195128524158 1.0870305288132476 1.0987271649061938 1.1255208850181198 1.458252834054916
61 854 -0.1917150851090916 -0.03857993829418917 0.031987311019226874 0.1470485972731176 0.8565636246544689 0.8763442214068946 0.8825394603341239 0.8900649787453009 0.8940999205331055 0.9186376599076541 0.9199211674613252 0.9267920792195121 0.931079933459993 0.9393480304304517 0.9521934847444667 0.9575439568458299 0.96126387472842 0.9691412748198628 0.9706193844915896 0.9761019856162236 0.9810093138569952 0.9880601904008777 0.9933705003063157 1.0024108271799246 1.0070199456738205 1.0102293935774753 1.019837306886222 1.0221758246421504 1.0380541501839564 1.04576068516591 1.0512952716673263 1.0674195128524158 1.0870305288132476 1.0987271649061938 1.1255208850181198 1.458252834054916
62 868 -0.18722800924664645 -0.03921292356810325 0.03204210942327979 0.1477548115611291 0.8565636246544689 0.8763442214068946 0.8825394603341239 0.8900649787453009 0.8940999205331055 0.9186376599076541 0.9199211674613252 0.9267920792195121 0.931079933459993 0.9393480304304517 0.9521934847444667 0.9575439568458299 0.96126387472842 0.9691412748198628 0.9706193844915896 0.9761019856162236 0.9810093138569952 0.9880601904008777 0.9933705003063157 1.0024108271799246 1.0070199456738205 1.0102293935774753 1.019837306886222 1.0221758246421504 1.0380541501839564 1.04576068516591 1.0512952716673263 1.0674195128524158 1.0870305288132476 1.0987271649061938 1.1255208850181198 1.458252834054916
63 882 -0.184796046823902 -0.03962264848822967 0.03298024886811128 0.14679409221217177 0.8565636246544689 0.8763442214068946 0.8825394603341239 0.8900649787453009 0.8940999205331055 0.9186376599076541 0.9199211674613252 0.9267920792195121 0.931079933459993 0.9393480304304517 0.9521934847444667 0.9575439568458299 0.96126387472842 0.9691412748198628 0.9706193844915896 0.9761019856162236 0.9810093138569952 0.9880601904008777 0.9933705003063157 1.0024108271799246 1.0070199456738205 1.0102293935774753 1.019837306886222 1.0221758246421504 1.0380541501839564 1.04576068516591 1.0512952716673263 1.0674195128524158 1.0870305288132476 1.0987271649061938 1.1255208850181198 1.458252834054916
64 896 -0.1864414890104564 -0.03793817780115766 0.033431080427973964 0.14563223576189588 0.8565636246544689 0.8763442214068946 0.8825394603341239 0.8900649787453009 0.8940999205331055 0.9186376599076541 0.9199211674613252 0.9267920792195121 0.931079933459993 0.9393480304304517 0.9521934847444667 0.9575439568458299 0.96126387472842 0.9691412748198628 0.9706193844915896 0.9761019856162236 0.9810093138569952 0.9880601904008777 0.9933705003063157 1.0024108271799246 1.0070199456738205 1.0102293935774753 1.019837306886222 1.0221758246421504 1.0380541501839564 1.04576068516591 1.0512952716673263 1.0674195128524158 1.0870305288132476 1.0987271649061938 1.1255208850181198 1.458252834054916
65 910 -0.1808363757632243 -0.037252035074494566 0.032323227801841506 0.14634129415986355 0.8092750278956578 0.8199625751903397 0.8525236460698681 0.857823340900057 0.8702172503634344 0.8779481228266026 0.887505670086232 0.9058955613443648 0.9091334982850237 0.91996992686354 0.9254616106207293 0.9307848169266231 0.9391768078990596 0.9499270499162495 0.9521817357523502 0.9749637685521797 0.9778354966852263 0.9827186361987766 0.98552659850769 0.9917294291915596 1.0026913198622163 1.0118126346028464 1.0257304332542543 1.0508258802938264 1.0521528850660158 1.069149144092478 1.0797853662127541 1.0996498228084495 1.1045268459365103 1.1429110800724358 1.2428442068084695 1.5093069402207584
66 924 -0.17715094463126135 -0.037397752116470624 0.03197122676435907 0.14963799804922837 0.8092750278956578 0.8199625751903397 0.8525236460698681 0.857823340900057 0.8702172503634344 0.8779481228266026 0.887505670086232 0.9058955613443648 0.9091334982850237 0.91996992686354 0.9254616106207293 0.9307848169266231 0.9391768078990596 0.9499270499162495 0.9521817357523502 0.9749637685521797 0.9778354966852263 0.9827186361987766 0.98552659850769 0.9917294291915596 1.0026913198622163 1.0118126346028464 1.0257304332542543 1.0508258802938264 1.0521528850660158 1.069149144092478 1.0797853662127541 1.0996498228084495 1.1045268459365103 1.1429110800724358 1.2428442068084695 1.5093069402207584
67 938 -0.17674312568773193 -0.03719354911536524 0.03347645991173734 0.151494167493345 0.8092750278956578 0.8199625751903397 0.8525236460698681 0.857823340900057 0.8702172503634344 0.8779481228266026 0.887505670086232 0.9058955613443648 0.9091334982850237 0.91996992686354 0.9254616106207293 0.9307848169266231 0.9391768078990596 0.9499270499162495 0.9521817357523502 0.9749637685521797 0.9778354966852263 0.9827186361987766 0.98552659850769 0.9917294291915596 1.0026913198622163 1.0118126346028464 1.0257304332542543 1.0508258802938264 1.0521528850660158 1.069149144092478 1.0797853662127541 1.0996498228084495 1.1045268459365103 1.1429110800724358 1.2428442068084695 1.5093069402207584
68 952 -0.16781759811746175 -0.037726381706216866 0.03357540430464086 0.15342807406554299 0.8092750278956578 0.8199625751903397 0.8525236460698681 0.857823340900057 0.8702172503634344 0.8779481228266026 0.887505670086232 0.9058955613443648 0.9091334982850237 0.91996992686354 0.9254616106207293 0.9307848169266231 0.9391768078990596 0.9499270499162495 0.9521817357523502 0.9749637685521797 0.9778354966852263 0.9827186361987766 0.98552659850769 0.9917294291915596 1.0026913198622163 1.0118126346028464 1.0257304332542543 1.0508258802938264 1.0521528850660158 1.069149144092478 1.0797853662127541 1.0996498228084495 1.1045268459365103 1.1429110800724358 1.2428442068084695 1.5093069402207584
69 966 -0.16524111952118303 -0.03895590030358563 0.03354113262842018 0.1541906014559854 0.8092750278956578 0.8199625751903397 0.8525236460698681 0.857823340900057 0.8702172503634344 0.8779481228266026 0.887505670086232 0.9058955613443648 0.9091334982850237 0.91996992686354 0.9254616106207293 0.9307848169266231 0.9391768078990596 0.9499270499162495 0.9521817357523502 0.9749637685521797 0.9778354966852263 0.9827186361987766 0.98552659850769 0.9917294291915596 1.0026913198622163 1.0118126346028464 1.0257304332542543 1.0508258802938264 1.0521528850660158 1.069149144092478 1.0797853662127541 1.0996498228084495 1.1045268459365103 1.1429110800724358 1.2428442068084695 1.5093069402207584
70 980 -0.16571988462813278 -0.03819513204044088 0.03199806527495751 0.1558795207974369 0.8092750278956578 0.8199625751903397 0.8525236460698681 0.857823340900057 0.8702172503634344 0.8779481228266026 0.887505670086232 0.9058955613443648 0.9091334982850237 0.91996992686354 0.9254616106207293 0.9307848169266231 0.9391768078990596 0.9499270499162495 0.9521817357523502 0.9749637685521797 0.9778354966852263 0.9827186361987766 0.98552659850769 0.9917294291915596 1.0026913198622163 1.0118126346028464 1.0257304332542543 1.0508258802938264 1.0521528850660158 1.069149144092478 1.0797853662127541 1.0996498228084495 1.1045268459365103 1.1429110800724358 1.2428442068084695 1.5093069402207584
71 994 -0.16890514775167378 -0.037457215350195694 0.0342604137251469 0.15536649480975134 0.8092750278956578 0.8199625751903397 0.8525236460698681 0.857823340900057 0.8702172503634344 0.8779481228266026 0.887505670086232 0.9058955613443648 0.9091334982850237 0.91996992686354 0.9254616106207293 0.9307848169266231 0.9391768078990596 0.9499270499162495 0.9521817357523502 0.9749637685521797 0.9778354966852263 0.9827186361987766 0.98552659850769 0.9917294291915596 1.0026913198622163 1.0118126346028464 1.0257304332542543 1.0508258802938264 1.0521528850660158 1.069149144092478 1.0797853662127541 1.0996498228084495 1.1045268459365103 1.1429110800724358 1.2428442068084695 1.5093069402207584
72 1008 -0.17226378855095512 -0.03815042309589901 0.03360855669400438 0.15773686134913376 0.8092750278956578 0.8199625751903397 0.8525236460698681 0.857823340900057 0.8702172503634344 0.8779481228266026 0.887505670086232 0.9058955613443648 0.9091334982850237 0.91996992686354 0.9254616106207293 0.9307848169266231 0.9391768078990596 0.9499270499162495 0.9521817357523502 0.9749637685521797 0.9778354966852263 0.9827186361987766 0.98552659850769 0.9917294291915596 1.0026913198622163 1.0118126346028464 1.0257304332542543 1.0508258802938264 1.0521528850660158 1.069149144092478 1.0797853662127541 1.0996498228084495 1.1045268459365103 1.1429110800724358 1.2428442068084695 1.5093069402207584
73 1022 -0.1737343742919298 -0.03819637678555029 0.03351438945697437 0.15825104466464052 0.8092750278956578 0.8199625751903397 0.8525236460698681 0.857823340900057 0.8702172503634344 0.8779481228266026 0.887505670086232 0.9058955613443648 0.9091334982850237 0.91996992686354 0.9254616106207293 0.9307848169266231 0.9391768078990596 0.9499270499162495 0.9521817357523502 0.9749637685521797 0.9778354966852263 0.9827186361987766 0.98552659850769 0.9917294291915596 1.0026913198622163 1.0118126346028464 1.0257304332542543 1.0508258802938264 1.0521528850660158 1.069149144092478 1.0797853662127541 1.0996498228084495 1.1045268459365103 1.1429110800724358 1.2428442068084695 1.5093069402207584
74 1036 -0.17582824268875238 -0.038589165786251364 0.03311921100143367 0.16575388903505445 0.8092750278956578 0.8199625751903397 0.8525236460698681 0.857823340900057 0.8702172503634344 0.8779481228266026 0.887505670086232 0.9058955613443648 0.9091334982850237 0.91996992686354 0.9254616106207293 0.9307848169266231 0.9391768078990596 0.9499270499162495 0.9521817357523502 0.9749637685521797 0.9778354966852263 0.9827186361987766 0.98552659850769 0.9917294291915596 1.0026913198622163 1.0118126346028464 1.0257304332542543 1.0508258802938264 1.0521528850660158 1.069149144092478 1.0797853662127541 1.0996498228084495 1.1045268459365103 1.1429110800724358 1.2428442068084695 1.5093069402207584
75 1050 -0.17650499316882204 -0.03935465872788174 0.034061514781445194 0.1654500769789008 0.8092750278956578 0.8199625751903397 0.8525236460698681 0.857823340900057 0.8702172503634344 0.8779481228266026 0.887505670086232 0.9058955613443648 0.9091334982850237 0.91996992686354 0.9254616106207293 0.9307848169266231 0.9391768078990596 0.9499270499162495 0.9521817357523502 0.9749637685521797 0.9778354966852263 0.9827186361987766 0.98552659850769 0.9917294291915596 1.0026913198622163 1.0118126346028464 1.0257304332542543 1.0508258802938264 1.0521528850660158 1.069149144092478 1.0797853662127541 1.0996498228084495 1.1045268459365103 1.1429110800724358 1.2428442068084695 1.5093069402207584
76 1064 -0.18167685244935788 -0.039978889906516046 0.03461908968523689 0.17261949900387571 0.8092750278956578 0.8199625751903397 0.8525236460698681 0.857823340900057 0.8702172503634344 0.8779481228266026 0.887505670086232 0.9058955613443648 0.9091334982850237 0.91996992686354 0.9254616106207293 0.9307848169266231 0.9391768078990596 0.9499270499162495 0.9521817357523502 0.9749637685521797 0.9778354966852263 0.9827186361987766 0.98552659850769 0.9917294291915596 1.0026913198622163 1.0118126346028464 1.0257304332542543 1.0508258802938264 1.0521528850660158 1.069149144092478 1.0797853662127541 1.0996498228084495 1.1045268459365103 1.1429110800724358 1.2428442068084695 1.5093069402207584
77 1078 -0.1839584688797747 -0.03905765918191499 0.03339272527760338 0.1673254572850503 0.8092750278956578 0.8199625751903397 0.8525236460698681 0.857823340900057 0.8702172503634344 0.8779481228266026 0.887505670086232 0.9058955613443648 0.9091334982850237 0.91996992686354 0.9254616106207293 0.9307848169266231 0.9391768078990596 0.9499270499162495 0.9521817357523502 0.9749637685521797 0.9778354966852263 0.9827186361987766 0.98552659850769 0.9917294291915596 1.0026913198622163 1.0118126346028464 1.0257304332542543 1.0508258802938264 1.0521528850660158 1.069149144092478 1.0797853662127541 1.0996498228084495 1.1045268459365103 1.1429110800724358 1.2428442068084695 1.5093069402207584
78 1092 -0.1879151226374258 -0.039722757946954554 0.03335329926761507 0.17311751098104286 0.8092750278956578 0.8199625751903397 0.8525236460698681 0.857823340900057 0.8702172503634344 0.8779481228266026 0.887505670086232 0.9058955613443648 0.9091334982850237 0.91996992686354 0.9254616106207293 0.9307848169266231 0.9391768078990596 0.9499270499162495 0.9521817357523502 0.9749637685521797 0.9778354966852263 0.9827186361987766 0.98552659850769 0.9917294291915596 1.0026913198622163 1.0118126346028464 1.0257304332542543 1.0508258802938264 1.0521528850660158 1.069149144092478 1.0797853662127541 1.0996498228084495 1.1045268459365103 1.1429110800724358 1.2428442068084695 1.5093069402207584
79 1106 -0.18914199758684838 -0.0384096048338088 0.03399034800990923 0.17007029664261114 0.8092750278956578 0.8199625751903397 0.8525236460698681 0.857823340900057 0.8702172503634344 0.8779481228266026 0.887505670086232 0.9058955613443648 0.9091334982850237 0.91996992686354 0.9254616106207293 0.9307848169266231 0.9391768078990596 0.9499270499162495 0.9521817357523502 0.9749637685521797 0.9778354966852263 0.9827186361987766 0.98552659850769 0.9917294291915596 1.0026913198622163 1.0118126346028464 1.0257304332542543 1.0508258802938264 1.0521528850660158 1.069149144092478 1.0797853662127541 1.0996498228084495 1.1045268459365103 1.1429110800724358 1.2428442068084695 1.5093069402207584
80 1120 -0.19274986815870168 -0.03772623810413955 0.03403437266194792 0.16870821962837473 0.8092750278956578 0.8199625751903397 0.8525236460698681 0.857823340900057 0.8702172503634344 0.8779481228266026 0.887505670086232 0.9058955613443648 0.9091334982850237 0.91996992686354 0.9254616106207293 0.9307848169266231 0.9391768078990596 0.9499270499162495 0.9521817357523502 0.9749637685521797 0.9778354966852263 0.9827186361987766 0.98552659850769 0.9917294291915596 1.0026913198622163 1.0118126346028464 1.0257304332542543 1.0508258802938264 1.0521528850660158 1.069149144092478 1.0797853662127541 1.0996498228084495 1.1045268459365103 1.1429110800724358 1.2428442068084695 1.5093069402207584
81 1134 -0.19381254033213263 -0.039089030174594294 0.03448660873687492 0.17358839502384682 0.8092750278956578 0.8199625751903397 0.8525236460698681 0.857823340900057 0.8702172503634344 0.8779481228266026 0.887505670086232 0.9058955613443648 0.9091334982850237 0.91996992686354 0.9254616106207293 0.9307848169266231 0.9391768078990596 0.9499270499162495 0.9521817357523502 0.9749637685521797 0.9778354966852263 0.9827186361987766 0.98552659850769 0.9917294291915596 1.0026913198622163 1.0118126346028464 1.0257304332542543 1.0508258802938264 1.0521528850660158 1.069149144092478 1.0797853662127541 1.0996498228084495 1.1045268459365103 1.1429110800724358 1.2428442068084695 1.5093069402207584
82 1148 -0.19529142256137672 -0.03977371239752042 0.032515806248036766 0.175506759071255 0.8092750278956578 0.8199625751903397 0.8525236460698681 0.857823340900057 0.8702172503634344 0.8779481228266026 0.887505670086232 0.9058955613443648 0.9091334982850237 0.91996992686354 0.9254616106207293 0.9307848169266231 0.9391768078990596 0.9499270499162495 0.9521817357523502 0.9749637685521797 0.9778354966852263 0.9827186361987766 0.98552659850769 0.9917294291915596 1.0026913198622163 1.0118126346028464 1.0257304332542543 1.0508258802938264 1.0521528850660158 1.069149144092478 1.0797853662127541 1.0996498228084495 1.1045268459365103 1.1429110800724358 1.2428442068084695 1.5093069402207584
83 1162 -0.1889991207860096 -0.04075661554228362 0.03325654952255451 0.1758677216639212 0.8092750278956578 0.8199625751903397 0.8525236460698681 0.857823340900057 0.8702172503634344 0.8779481228266026 0.887505670086232 0.9058955613443648 0.9091334982850237 0.91996992686354 0.9254616106207293 0.9307848169266231 0.9391768078990596 0.9499270499162495 0.9521817357523502 0.9749637685521797 0.9778354966852263 0.9827186361987766 0.98552659850769 0.9917294291915596 1.0026913198622163 1.0118126346028464 1.0257304332542543 1.0508258802938264 1.0521528850660158 1.069149144092478 1.0797853662127541 1.0996498228084495 1.1045268459365103 1.1429110800724358 1.2428442068084695 1.5093069402207584
84 1176 -0.1893780323929384 -0.040019356811680805 0.03348617061403233 0.18112927066184112 0.8092750278956578 0.8199625751903397 0.8525236460698681 0.857823340900057 0.8702172503634344 0.8779481228266026 0.887505670086232 0.9058955613443648 0.9091334982850237 0.91996992686354 0.9254616106207293 0.9307848169266231 0.9391768078990596 0.9499270499162495 0.9521817357523502 0.9749637685521797 0.9778354966852263 0.9827186361987766 0.98552659850769 0.9917294291915596 1.0026913198622163 1.0118126346028464 1.0257304332542543 1.0508258802938264 1.0521528850660158 1.069149144092478 1.0797853662127541 1.0996498228084495 1.1045268459365103 1.1429110800724358 1.2428442068084695 1.5093069402207584
85 1190 -0.19294278140855603 -0.04098309242765094 0.03409380041225052 0.17642486202370067 0.8092750278956578 0.8199625751903397 0.8525236460698681 0.857823340900057 0.8702172503634344 0.8779481228266026 0.887505670086232 0.9058955613443648 0.9091334982850237 0.91996992686354 0.9254616106207293 0.9307848169266231 0.9391768078990596 0.9499270499162495 0.9521817357523502 0.9749637685521797 0.9778354966852263 0.9827186361987766 0.98552659850769 0.9917294291915596 1.0026913198622163 1.0118126346028464 1.0257304332542543 1.0508258802938264 1.0521528850660158 1.069149144092478 1.0797853662127541 1.0996498228084495 1.1045268459365103 1.1429110800724358 1.2428442068084695 1.5093069402207584
86 1204 -0.20194249983393872 -0.041777035831440226 0.034851452857845064 0.17071713183043896 0.8092750278956578 0.8199625751903397 0.8525236460698681 0.857823340900057 0.8702172503634344 0.8779481228266026 0.887505670086232 0.9058955613443648 0.9091334982850237 0.91996992686354 0.9254616106207293 0.9307848169266231 0.9391768078990596 0.9499270499162495 0.9521817357523502 0.9749637685521797 0.9778354966852263 0.9827186361987766 0.98552659850769 0.9917294291915596 1.0026913198622163 1.0118126346028464 1.0257304332542543 1.0508258802938264 1.0521528850660158 1.069149144092478 1.0797853662127541 1.0996498228084495 1.1045268459365103 1.1429110800724358 1.2428442068084695 1.5093069402207584
87 1218 -0.1947663083669241 -0.040029666175813175 0.034073865763364415 0.17259889037374526 0.8092750278956578 0.8199625751903397 0.8525236460698681 0.857823340900057 0.8702172503634344 0.8779481228266026 0.887505670086232 0.9058955613443648 0.9091334982850237 0.91996992686354 0.9254616106207293 0.9307848169266231 0.9391768078990596 0.9499270499162495 0.9521817357523502 0.9749637685521797 0.9778354966852263 0.9827186361987766 0.98552659850769 0.9917294291915596 1.0026913198622163 1.0118126346028464 1.0257304332542543 1.0508258802938264 1.0521528850660158 1.069149144092478 1.0797853662127541 1.0996498228084495 1.1045268459365103 1.1429110800724358 1.2428442068084695 1.5093069402207584
88 1232 -0.1909886010801362 -0.04112265282182677 0.03317012301314981 0.17913132984725985 0.8092750278956578 0.8199625751903397 0.8525236460698681 0.857823340900057 0.8702172503634344 0.8779481228266026 0.887505670086232 0.9058955613443648 0.9091334982850237 0.91996992686354 0.9254616106207293 0.9307848169266231 0.9391768078990596 0.9499270499162495 0.9521817357523502 0.9749637685521797 0.9778354966852263 0.9827186361987766 0.98552659850769 0.9917294291915596 1.0026913198622163 1.0118126346028464 1.0257304332542543 1.0508258802938264 1.0521528850660158 1.069149144092478 1.0797853662127541 1.0996498228084495 1.1045268459365103 1.1429110800724358 1.2428442068084695 1.5093069402207584
89 1246 -0.18857020238689454 -0.040690552762372795 0.03401626935506703 0.18363072297117014 0.8092750278956578 0.8199625751903397 0.8525236460698681 0.857823340900057 0.8702172503634344 0.8779481228266026 0.887505670086232 0.9058955613443648 0.9091334982850237 0.91996992686354 0.9254616106207293 0.9307848169266231 0.9391768078990596 0.9499270499162495 0.9521817357523502 0.9749637685521797 0.9778354966852263 0.9827186361987766 0.98552659850769 0.9917294291915596 1.0026913198622163 1.0118126346028464 1.0257304332542543 1.0508258802938264 1.0521528850660158 1.069149144092478 1.0797853662127541 1.0996498228084495 1.1045268459365103 1.1429110800724358 1.2428442068084695 1.5093069402207584
90 1260 -0.18879285351865763 -0.04009223522987579 0.03238353466693781 0.1818667058240549 0.8092750278956578 0.8199625751903397 0.8525236460698681 0.857823340900057 0.8702172503634344 0.8779481228266026 0.887505670086232 0.9058955613443648 0.9091334982850237 0.91996992686354 0.9254616106207293 0.9307848169266231 0.9391768078990596 0.9499270499162495 0.9521817357523502 0.9749637685521797 0.9778354966852263 0.9827186361987766 0.98552659850769 0.9917294291915596 1.0026913198622163 1.0118126346028464 1.0257304332542543 1.0508258802938264 1.0521528850660158 1.069149144092478 1.0797853662127541 1.0996498228084495 1.1045268459365103 1.1429110800724358 1.2428442068084695 1.5093069402207584
91 1274 -0.18718500800667168 -0.04011316187089149 0.033265702642207004 0.18178430335399695 0.8092750278956578 0.8199625751903397 0.8525236460698681 0.857823340900057 0.8702172503634344 0.8779481228266026 0.887505670086232 0.9058955613443648 0.9091334982850237 0.91996992686354 0.9254616106207293 0.9307848169266231 0.9391768078990596 0.9499270499162495 0.9521817357523502 0.9749637685521797 0.9778354966852263 0.9827186361987766 0.98552659850769 0.9917294291915596 1.0026913198622163 1.0118126346028464 1.0257304332542543 1.0508258802938264 1.0521528850660158 1.069149144092478 1.0797853662127541 1.0996498228084495 1.1045268459365103 1.1429110800724358 1.2428442068084695 1.5093069402207584
92 1288 -0.18257696468546128 -0.03913116735211053 0.03234215083099806 0.1818317942762051 0.8092750278956578 0.8199625751903397 0.8525236460698681 0.857823340900057 0.8702172503634344 0.8779481228266026 0.887505670086232 0.9058955613443648 0.9091334982850237 0.91996992686354 0.9254616106207293 0.9307848169266231 0.9391768078990596 0.9499270499162495 0.9521817357523502 0.9749637685521797 0.9778354966852263 0.9827186361987766 0.98552659850769 0.9917294291915596 1.0026913198622163 1.0118126346028464 1.0257304332542543 1.0508258802938264 1.0521528850660158 1.069149144092478 1.0797853662127541 1.0996498228084495 1.1045268459365103 1.1429110800724358 1.2428442068084695 1.5093069402207584
93 1302 -0.1788128878092787 -0.0384926706833074 0.03235487361265933 0.1833028456619555 0.8092750278956578 0.8199625751903397 0.8525236460698681 0.857823340900057 0.8702172503634344 0.8779481228266026 0.887505670086232 0.9058955613443648 0.9091334982850237 0.91996992686354 0.9254616106207293 0.9307848169266231 0.9391768078990596 0.9499270499162495 0.9521817357523502 0.9749637685521797 0.9778354966852263 0.9827186361987766 0.98552659850769 0.9917294291915596 1.0026913198622163 1.0118126346028464 1.0257304332542543 1.0508258802938264 1.0521528850660158 1.069149144092478 1.0797853662127541 1.0996498228084495 1.1045268459365103 1.1429110800724358 1.2428442068084695 1.5093069402207584
94 1316 -0.18027628886282235 -0.03903189175123062 0.03381896637406021 0.18300971895287815 0.8092750278956578 0.8199625751903397 0.8525236460698681 0.857823340900057 0.8702172503634344 0.8779481228266026 0.887505670086232 0.9058955613443648 0.9091334982850237 0.91996992686354 0.9254616106207293 0.9307848169266231 0.9391768078990596 0.9499270499162495 0.9521817357523502 0.9749637685521797 0.9778354966852263 0.9827186361987766 0.98552659850769 0.9917294291915596 1.0026913198622163 1.0118126346028464 1.0257304332542543 1.0508258802938264 1.0521528850660158 1.069149144092478 1.0797853662127541 1.0996498228084495 1.1045268459365103 1.1429110800724358 1.2428442068084695 1.5093069402207584
95 1330 -0.17780344818753802 -0.038906263188368886 0.03500301722160918 0.18285793783342433 0.8092750278956578 0.8199625751903397 0.8525236460698681 0.857823340900057 0.8702172503634344 0.8779481228266026 0.887505670086232 0.9058955613443648 0.9091334982850237 0.91996992686354 0.9254616106207293 0.9307848169266231 0.9391768078990596 0.9499270499162495 0.9521817357523502 0.9749637685521797 0.9778354966852263 0.9827186361987766 0.98552659850769 0.9917294291915596 1.0026913198622163 1.0118126346028464 1.0257304332542543 1.0508258802938264 1.0521528850660158 1.069149144092478 1.0797853662127541 1.0996498228084495 1.1045268459365103 1.1429110800724358 1.2428442068084695 1.5093069402207584
96 1344 -0.17898472575313112 -0.03935803072843735 0.034878472383543316 0.18153666687312994 0.8092750278956578 0.8199625751903397 0.8525236460698681 0.857823340900057 0.8702172503634344 0.8779481228266026 0.887505670086232 0.9058955613443648 0.9091334982850237 0.91996992686354 0.9254616106207293 0.9307848169266231 0.9391768078990596 0.9499270499162495 0.9521817357523502 0.9749637685521797 0.9778354966852263 0.9827186361987766 0.98552659850769 0.9917294291915596 1.0026913198622163 1.0118126346028464 1.0257304332542543 1.0508258802938264 1.0521528850660158 1.069149144092478 1.0797853662127541 1.0996498228084495 1.1045268459365103 1.1429110800724358 1.2428442068084695 1.5093069402207584
97 1358 -0.18041858118993778 -0.040411700305604835 0.035687864224450666 0.1776998581432208 0.7839721409395746 0.8048781120749194 0.8213895491885745 0.8383297373967636 0.8535610293845269 0.8669938402675446 0.879452238708327 0.8804469381261808 0.8921139729550592 0.9109047746207549 0.9145385807631305 0.9244235994560872 0.9317324633526186 0.9361731236395998 0.9490808363583924 0.96926985983854 0.974473740697117 0.9852254136619576 0.9927172216339325 1.0040441084413483 1.0080758164432075 1.0233309072883672 1.0430303293535115 1.0509766808864747 1.0709507371312412 1.0762792220522497 1.1035644021971058 1.1057488529213777 1.1357576752340242 1.1725887017041972 1.2359953526360736 1.5237079087397887
98 1372 -0.18013642389379525 -0.03948595422728209 0.035622578964709564 0.18048311885107096 0.7839721409395746 0.8048781120749194 0.8213895491885745 0.8383297373967636 0.8535610293845269 0.8669938402675446 0.879452238708327 0.8804469381261808 0.8921139729550592 0.9109047746207549 0.9145385807631305 0.9244235994560872 0.9317324633526186 0.9361731236395998 0.9490808363583924 0.96926985983854 0.974473740697117 0.9852254136619576 0.9927172216339325 1.0040441084413483 1.0080758164432075 1.0233309072883672 1.0430303293535115 1.0509766808864747 1.0709507371312412 1.0762792220522497 1.1035644021971058 1.1057488529213777 1.1357576752340242 1.1725887017041972 1.2359953526360736 1.5237079087397887
99 1386 -0.18001790823619934 -0.03871444510594881 0.03606148183137785 0.18154764032683648 0.7839721409395746 0.8048781120749194 0.8213895491885745 0.8383297373967636 0.8535610293845269 0.8669938402675446 0.879452238708327 0.8804469381261808 0.8921139729550592 0.9109047746207549 0.9145385807631305 0.9244235994560872 0.9317324633526186 0.9361731236395998 0.9490808363583924 0.96926985983854 0.974473740697117 0.9852254136619576 0.9927172216339325 1.0040441084413483 1.0080758164432075 1.0233309072883672 1.0430303293535115 1.0509766808864747 1.0709507371312412 1.0762792220522497 1.1035644021971058 1.1057488529213777 1.1357576752340242 1.1725887017041972 1.2359953526360736 1.5237079087397887
100 1400 -0.1811884309129453 -0.03868905130372148 0.035076682005374546 0.1781439501181882 0.7839721409395746 0.8048781120749194 0.8213895491885745 0.8383297373967636 0.8535610293845269 0.8669938402675446 0.879452238708327 0.8804469381261808 0.8921139729550592 0.9109047746207549 0.9145385807631305 0.9244235994560872 0.9317324633526186 0.9361731236395998 0.9490808363583924 0.96926985983854 0.974473740697117 0.9852254136619576 0.9927172216339325 1.0040441084413483 1.0080758164432075 1.0233309072883672 1.0430303293535115 1.0509766808864747 1.0709507371312412 1.0762792220522497 1.1035644021971058 1.1057488529213777 1.1357576752340242 1.1725887017041972 1.2359953526360736 1.5237079087397887
101 1414 -0.18095464224888677 -0.03808285516894492 0.035656373929393484 0.17168597882613787 0.7839721409395746 0.8048781120749194 0.8213895491885745 0.8383297373967636 0.8535610293845269 0.8669938402675446 0.879452238708327 0.8804469381261808 0.8921139729550592 0.9109047746207549 0.9145385807631305 0.9244235994560872 0.9317324633526186 0.9361731236395998 0.9490808363583924 0.96926985983854 0.974473740697117 0.9852254136619576 0.9927172216339325 1.0040441084413483 1.0080758164432075 1.0233309072883672 1.0430303293535115 1.0509766808864747 1.0709507371312412 1.0762792220522497 1.1035644021971058 1.1057488529213777 1.1357576752340242 1.1725887017041972 1.2359953526360736 1.5237079087397887
102 1428 -0.18023167294802284 -0.03865923376560996 0.03711370684561981 0.17334826347853657 0.7839721409395746 0.8048781120749194 0.8213895491885745 0.8383297373967636 0.8535610293845269 0.8669938402675446 0.879452238708327 0.8804469381261808 0.8921139729550592 0.9109047746207549 0.9145385807631305 0.9244235994560872 0.9317324633526186 0.9361731236395998 0.9490808363583924 0.96926985983854 0.974473740697117 0.9852254136619576 0.9927172216339325 1.0040441084413483 1.0080758164432075 1.0233309072883672 1.0430303293535115 1.0509766808864747 1.0709507371312412 1.0762792220522497 1.1035644021971058 1.1057488529213777 1.1357576752340242 1.1725887017041972 1.2359953526360736 1.5237079087397887
103 1442 -0.1760326022219154 -0.03851520751307748 0.03536522005339581 0.1734390479086401 0.7839721409395746 0.8048781120749194 0.8213895491885745 0.8383297373967636 0.8535610293845269 0.8669938402675446 0.879452238708327 0.8804469381261808 0.8921139729550592 0.9109047746207549 0.9145385807631305 0.9244235994560872 0.9317324633526186 0.9361731236395998 0.9490808363583924 0.96926985983854 0.974473740697117 0.9852254136619576 0.9927172216339325 1.0040441084413483 1.0080758164432075 1.0233309072883672 1.0430303293535115 1.0509766808864747 1.0709507371312412 1.0762792220522497 1.1035644021971058 1.1057488529213777 1.1357576752340242 1.1725887017041972 1.2359953526360736 1.5237079087397887
104 1456 -0.17846520418760303 -0.03849693284836869 0.035371422947597556 0.17890622430709982 0.7839721409395746 0.8048781120749194 0.8213895491885745 0.8383297373967636 0.8535610293845269 0.8669938402675446 0.879452238708327 0.8804469381261808 0.8921139729550592 0.9109047746207549 0.9145385807631305 0.9244235994560872 0.9317324633526186 0.9361731236395998 0.9490808363583924 0.96926985983854 0.974473740697117 0.9852254136619576 0.9927172216339325 1.0040441084413483 1.0080758164432075 1.0233309072883672 1.0430303293535115 1.0509766808864747 1.0709507371312412 1.0762792220522497 1.1035644021971058 1.1057488529213777 1.1357576752340242 1.1725887017041972 1.2359953526360736 1.5237079087397887
105 1470 -0.17974692107873097 -0.03894539459772642 0.03621858361935611 0.18224693486553897 0.7839721409395746 0.8048781120749194 0.8213895491885745 0.8383297373967636 0.8535610293845269 0.8669938402675446 0.879452238708327 0.8804469381261808 0.8921139729550592 0.9109047746207549 0.9145385807631305 0.9244235994560872 0.9317324633526186 0.9361731236395998 0.9490808363583924 0.96926985983854 0.974473740697117 0.9852254136619576 0.9927172216339325 1.0040441084413483 1.0080758164432075 1.0233309072883672 1.0430303293535115 1.0509766808864747 1.0709507371312412 1.0762792220522497 1.1035644021971058 1.1057488529213777 1.1357576752340242 1.1725887017041972 1.2359953526360736 1.5237079087397887
106 1484 -0.18021937470906382 -0.03974801365924034 0.03546276300095312 0.18580276285462602 0.7839721409395746 0.8048781120749194 0.8213895491885745 0.8383297373967636 0.8535610293845269 0.8669938402675446 0.879452238708327 0.8804469381261808 0.8921139729550592 0.9109047746207549 0.9145385807631305 0.9244235994560872 0.9317324633526186 0.9361731236395998 0.9490808363583924 0.96926985983854 0.974473740697117 0.9852254136619576 0.9927172216339325 1.0040441084413483 1.0080758164432075 1.0233309072883672 1.0430303293535115 1.0509766808864747 1.0709507371312412 1.0762792220522497 1.1035644021971058 1.1057488529213777 1.1357576752340242 1.1725887017041972 1.2359953526360736 1.5237079087397887
107 1498 -0.18527665628905712 -0.03975835548090195 0.03784530457411017 0.18969983655386766 0.7839721409395746 0.8048781120749194 0.8213895491885745 0.8383297373967636 0.8535610293845269 0.8669938402675446 0.879452238708327 0.8804469381261808 0.8921139729550592 0.9109047746207549 0.9145385807631305 0.9244235994560872 0.9317324633526186 0.9361731236395998 0.9490808363583924 0.96926985983854 0.974473740697117 0.9852254136619576 0.9927172216339325 1.0040441084413483 1.0080758164432075 1.0233309072883672 1.0430303293535115 1.0509766808864747 1.0709507371312412 1.0762792220522497 1.1035644021971058 1.1057488529213777 1.1357576752340242 1.1725887017041972 1.2359953526360736 1.5237079087397887
108 1512 -0.18834312110397985 -0.04092244620785293 0.03880305468603343 0.1931168025804454 0.7839721409395746 0.8048781120749194 0.8213895491885745 0.8383297373967636 0.8535610293845269 0.8669938402675446 0.879452238708327 0.8804469381261808 0.8921139729550592 0.9109047746207549 0.9145385807631305 0.9244235994560872 0.9317324633526186 0.9361731236395998 0.9490808363583924 0.96926985983854 0.974473740697117 0.9852254136619576 0.9927172216339325 1.0040441084413483 1.0080758164432075 1.0233309072883672 1.0430303293535115 1.0509766808864747 1.0709507371312412 1.0762792220522497 1.1035644021971058 1.1057488529213777 1.1357576752340242 1.1725887017041972 1.2359953526360736 1.5237079087397887
109 1526 -0.1903091384921238 -0.04071151127639192 0.038147791759047436 0.18419971897460077 0.7839721409395746 0.8048781120749194 0.8213895491885745 0.8383297373967636 0.8535610293845269 0.8669938402675446 0.879452238708327 0.8804469381261808 0.8921139729550592 0.9109047746207549 0.9145385807631305 0.9244235994560872 0.9317324633526186 0.9361731236395998 0.9490808363583924 0.96926985983854 0.974473740697117 0.9852254136619576 0.9927172216339325 1.0040441084413483 1.0080758164432075 1.0233309072883672 1.0430303293535115 1.0509766808864747 1.0709507371312412 1.0762792220522497 1.1035644021971058 1.1057488529213777 1.1357576752340242 1.1725887017041972 1.2359953526360736 1.5237079087397887
110 1540 -0.19557164264519464 -0.03849724869539987 0.036701137419344464 0.1826696011528495 0.7839721409395746 0.8048781120749194 0.8213895491885745 0.8383297373967636 0.8535610293845269 0.8669938402675446 0.879452238708327 0.8804469381261808 0.8921139729550592 0.9109047746207549 0.9145385807631305 0.9244235994560872 0.9317324633526186 0.9361731236395998 0.9490808363583924 0.96926985983854 0.974473740697117 0.9852254136619576 0.9927172216339325 1.0040441084413483 1.0080758164432075 1.0233309072883672 1.0430303293535115 1.0509766808864747 1.0709507371312412 1.0762792220522497 1.1035644021971058 1.1057488529213777 1.1357576752340242 1.1725887017041972 1.2359953526360736 1.5237079087397887
111 1554 -0.19918859443665957 -0.039232252267665975 0.0365445793708835 0.18409007264232966 0.7839721409395746 0.8048781120749194 0.8213895491885745 0.8383297373967636 0.8535610293845269 0.8669938402675446 0.879452238708327 0.8804469381261808 0.8921139729550592 0.9109047746207549 0.9145385807631305 0.9244235994560872 0.9317324633526186 0.9361731236395998 0.9490808363583924 0.96926985983854 0.974473740697117 0.9852254136619576 0.9927172216339325 1.0040441084413483 1.0080758164432075 1.0233309072883672 1.0430303293535115 1.0509766808864747 1.0709507371312412 1.0762792220522497 1.1035644021971058 1.1057488529213777 1.1357576752340242 1.1725887017041972 1.2359953526360736 1.5237079087397887
112 1568 -0.19662028222291028 -0.038537525477805 0.036710892431749326 0.18059707197840802 0.7839721409395746 0.8048781120749194 0.8213895491885745 0.8383297373967636 0.8535610293845269 0.8669938402675446 0.879452238708327 0.8804469381261808 0.8921139729550592 0.9109047746207549 0.9145385807631305 0.9244235994560872 0.9317324633526186 0.9361731236395998 0.9490808363583924 0.96926985983854 0.974473740697117 0.9852254136619576 0.9927172216339325 1.0040441084413483 1.0080758164432075 1.0233309072883672 1.0430303293535115 1.0509766808864747 1.0709507371312412 1.0762792220522497 1.1035644021971058 1.1057488529213777 1.1357576752340242 1.1725887017041972 1.2359953526360736 1.5237079087397887
113 1582 -0.19934951127694975 -0.038045075724001454 0.03486088655381653 0.1852326885417276 0.7839721409395746 0.8048781120749194 0.8213895491885745 0.8383297373967636 0.8535610293845269 0.8669938402675446 0.879452238708327 0.8804469381261808 0.8921139729550592 0.9109047746207549 0.9145385807631305 0.9244235994560872 0.9317324633526186 0.9361731236395998 0.9490808363583924 0.96926985983854 0.974473740697117 0.9852254136619576 0.9927172216339325 1.0040441084413483 1.0080758164432075 1.0233309072883672 1.0430303293535115 1.0509766808864747 1.0709507371312412 1.0762792220522497 1.1035644021971058 1.1057488529213777 1.1357576752340242 1.1725887017041972 1.2359953526360736 1.5237079087397887
114 1596 -0.19936405592611856 -0.0379278114679574 0.03653453985845928 0.18231030749765817 0.7839721409395746 0.8048781120749194 0.8213895491885745 0.8383297373967636 0.8535610293845269 0.8669938402675446 0.879452238708327 0.8804469381261808 0.8921139729550592 0.9109047746207549 0.9145385807631305 0.9244235994560872 0.9317324633526186 0.9361731236395998 0.9490808363583924 0.96926985983854 0.974473740697117 0.9852254136619576 0.9927172216339325 1.0040441084413483 1.0080758164432075 1.0233309072883672 1.0430303293535115 1.0509766808864747 1.0709507371312412 1.0762792220522497 1.1035644021971058 1.1057488529213777 1.1357576752340242 1.1725887017041972 1.2359953526360736 1.5237079087397887
115 1610 -0.1980151268768014 -0.03782721053850914 0.03696260711181135 0.18581998234176036 0.7839721409395746 0.8048781120749194 0.8213895491885745 0.8383297373967636 0.8535610293845269 0.8669938402675446 0.879452238708327 0.8804469381261808 0.8921139729550592 0.9109047746207549 0.9145385807631305 0.9244235994560872 0.9317324633526186 0.9361731236395998 0.9490808363583924 0.96926985983854 0.974473740697117 0.9852254136619576 0.9927172216339325 1.0040441084413483 1.0080758164432075 1.0233309072883672 1.0430303293535115 1.0509766808864747 1.0709507371312412 1.0762792220522497 1.1035644021971058 1.1057488529213777 1.1357576752340242 1.1725887017041972 1.2359953526360736 1.5237079087397887
116 1624 -0.1985196745711879 -0.03974120113317574 0.03791446645925735 0.18400409009004104 0.7839721409395746 0.8048781120749194 0.8213895491885745 0.8383297373967636 0.8535610293845269 0.8669938402675446 0.879452238708327 0.8804469381261808 0.8921139729550592 0.9109047746207549 0.9145385807631305 0.9244235994560872 0.9317324633526186 0.9361731236395998 0.9490808363583924 0.96926985983854 0.974473740697117 0.9852254136619576 0.9927172216339325 1.0040441084413483 1.0080758164432075 1.0233309072883672 1.0430303293535115 1.0509766808864747 1.0709507371312412 1.0762792220522497 1.1035644021971058 1.1057488529213777 1.1357576752340242 1.1725887017041972 1.2359953526360736 1.5237079087397887
117 1638 -0.19566073468438255 -0.039545276927253445 0.03750932924999813 0.18214802360402674 0.7839721409395746 0.8048781120749194 0.8213895491885745 0.8383297373967636 0.8535610293845269 0.8669938402675446 0.879452238708327 0.8804469381261808 0.8921139729550592 0.9109047746207549 0.9145385807631305 0.9244235994560872 0.9317324633526186 0.9361731236395998 0.9490808363583924 0.96926985983854 0.974473740697117 0.9852254136619576 0.9927172216339325 1.0040441084413483 1.0080758164432075 1.0233309072883672 1.0430303293535115 1.0509766808864747 1.0709507371312412 1.0762792220522497 1.1035644021971058 1.1057488529213777 1.1357576752340242 1.1725887017041972 1.2359953526360736 1.5237079087397887
118 1652 -0.19733036740194979 -0.04063471504212091 0.03691601574804472 0.1836153486453272 0.7839721409395746 0.8048781120749194 0.8213895491885745 0.8383297373967636 0.8535610293845269 0.8669938402675446 0.879452238708327 0.8804469381261808 0.8921139729550592 0.9109047746207549 0.9145385807631305 0.9244235994560872 0.9317324633526186 0.9361731236395998 0.9490808363583924 0.96926985983854 0.974473740697117 0.9852254136619576 0.9927172216339325 1.0040441084413483 1.0080758164432075 1.0233309072883672 1.0430303293535115 1.0509766808864747 1.0709507371312412 1.0762792220522497 1.1035644021971058 1.1057488529213777 1.1357576752340242 1.1725887017041972 1.2359953526360736 1.5237079087397887
119 1666 -0.20006929501848153 -0.038859689766224295 0.03629080727460687 0.1825911989037532 0.7839721409395746 0.8048781120749194 0.8213895491885745 0.8383297373967636 0.8535610293845269 0.8669938402675446 0.879452238708327 0.8804469381261808 0.8921139729550592 0.9109047746207549 0.9145385807631305 0.9244235994560872 0.9317324633526186 0.9361731236395998 0.9490808363583924 0.96926985983854 0.974473740697117 0.9852254136619576 0.9927172216339325 1.0040441084413483 1.0080758164432075 1.0233309072883672 1.0430303293535115 1.0509766808864747 1.0709507371312412 1.0762792220522497 1.1035644021971058 1.1057488529213777 1.1357576752340242 1.1725887017041972 1.2359953526360736 1.5237079087397887
120 1680 -0.1958150405274565 -0.038994407614491175 0.036164170341949825 0.18274323676910148 0.7839721409395746 0.8048781120749194 0.8213895491885745 0.8383297373967636 0.8535610293845269 0.8669938402675446 0.879452238708327 0.8804469381261808 0.8921139729550592 0.9109047746207549 0.9145385807631305 0.9244235994560872 0.9317324633526186 0.9361731236395998 0.9490808363583924 0.96926985983854 0.974473740697117 0.9852254136619576 0.9927172216339325 1.0040441084413483 1.0080758164432075 1.0233309072883672 1.0430303293535115 1.0509766808864747 1.0709507371312412 1.0762792220522497 1.1035644021971058 1.1057488529213777 1.1357576752340242 1.1725887017041972 1.2359953526360736 1.5237079087397887
120 1680 -0.1958150405274565 -0.038994407614491175 0.036164170341949825 0.18274323676910148 0.7839721409395746 0.8048781120749194 0.8213895491885745 0.8383297373967636 0.8535610293845269 0.8669938402675446 0.879452238708327 0.8804469381261808 0.8921139729550592 0.9109047746207549 0.9145385807631305 0.9244235994560872 0.9317324633526186 0.9361731236395998 0.9490808363583924 0.96926985983854 0.974473740697117 0.9852254136619576 0.9927172216339325 1.0040441084413483 1.0080758164432075 1.0233309072883672 1.0430303293535115 1.0509766808864747 1.0709507371312412 1.0762792220522497 1.1035644021971058 1.1057488529213777 1.1357576752340242 1.1725887017041972 1.2359953526360736 1.5237079087397887
