% # columns="iteration, evaluation, sigma, axis ratio, bestever, best, median, worst objective function value, interquartile range, 25%tile, current best feasible f-value, elapsed wallclock time [s], further/more values", seed=91562, Sun Jun 21 09:08:42 2026, <python>{}</python>
1 14 3.4635644189365653 1.0000484386731145 10.833349379785913 1.0833349379785913e+01 22.470519379412657 66.18879940765108 28.098982991004263 15.432415764258215 nan 0.0   
2 28 3.2908914489032877 1.0565276588570855 1.6939425035148488 1.6939425035148488e+00 22.49894721520249 58.270940356868444 16.426571389083204 17.748500687411774 nan 0.0   
3 42 3.2140911088440016 1.0741725632790562 1.6939425035148488 1.1616963213367672e+01 21.93296286743269 66.49496058782569 19.324430275984813 20.815389574355198 nan 0.0   
4 56 3.090605366174371 1.0886496370402157 1.6939425035148488 6.4686814680725444e+00 31.632656450298086 69.55238089694933 16.932754912114525 20.317954255205095 nan 0.1   
5 70 3.0132563359098743 1.1100118884462955 1.6939425035148488 1.5184379256898628e+01 31.509585445640155 76.07457474228411 19.64235679955876 20.7180207779391 nan 0.1   
6 84 3.0140701438704935 1.1213745032690838 1.6939425035148488 8.3475965648093418e+00 38.397455644140464 85.48323382543315 23.81224994975732 22.342595063495796 nan 0.1   
7 98 2.9558000577266283 1.144762327453205 1.6939425035148488 1.4262571169025726e+01 27.464841463038915 82.44311826663457 17.33378798888173 16.221042113993875 nan 0.1   
8 112 3.0147570192149815 1.158018417732658 1.6939425035148488 9.1250022366602064e+00 25.50756279470107 104.86669066729885 28.005104498781744 12.167533217830485 nan 0.1   
9 126 3.057937557104687 1.1923260957527373 1.6939425035148488 5.9032534292329615e+00 20.04509287138842 58.66637124479446 13.91444728760942 13.690717146921127 nan 0.1   
10 140 3.166972999088977 1.223576994763224 1.6939425035148488 6.9968475533504106e+00 24.603145062364312 58.269072904569676 21.500193720609694 14.86709305307739 nan 0.1   
11 154 3.2380222330868995 1.2485237679998933 1.6939425035148488 3.4539951718862527e+00 27.796173818473463 70.26015175477498 25.929411230007368 12.68176479220822 nan 0.2   
12 168 3.4249767628792265 1.2766800231088817 1.6939425035148488 5.0308506223181233e+00 23.65421139997297 97.2264796067235 26.84671461376675 5.290332406209208 nan 0.2   
13 182 3.537611592921281 1.3120198235093286 1.6939425035148488 1.0533130139461800e+01 29.87238986940467 64.95420175647197 29.191376066005496 16.985967678539488 nan 0.2   
14 196 3.6146889697125086 1.345105066386668 1.6939425035148488 6.6729545641441028e+00 27.675946675758546 48.2801068703 19.480361728793397 18.444436168846167 nan 0.2   
15 210 3.7023109313749054 1.3726312458340313 -1.4585323765524674 -1.4585323765524674e+00 35.12655531561313 70.59192456144088 34.81886617680654 17.25746090477357 nan 0.2   
16 224 3.8822267604134226 1.4048467669160138 -1.4585323765524674 -2.8305566319635389e-01 31.848827391703615 56.309047760920805 30.897504093345102 11.08713537781686 nan 0.2   
17 238 3.9304254463610877 1.4477302622601047 -1.4585323765524674 -3.0338835936613773e-01 24.33478490301342 74.92607607329028 28.66410661806529 7.913799109351153 nan 0.2   
18 252 3.9518938131221777 1.47892725750706 -1.4585323765524674 2.3062110260827318e+00 24.256290346501952 29.659348295570435 12.152531862218837 14.976856627415096 nan 0.2   
19 266 3.9492891236469845 1.4977135982695173 -1.4585323765524674 9.9645716314856241e+00 40.74529046849476 76.7510573733498 37.70981547993228 28.46810278541738 nan 0.3   
20 280 3.9482896757307997 1.517426874418135 -1.4585323765524674 1.0821887755049833e+00 19.505909491673027 70.23421716276967 12.364265432645086 13.949673519934029 nan 0.3   
21 294 3.990561937881762 1.5419000273194912 -10.813488185865285 -1.0813488185865285e+01 18.54735108953824 94.42911528606028 30.25760209191831 8.455642760545235 nan 0.3   
22 308 4.049528697090388 1.5556577452562188 -10.813488185865285 -7.1932109296682061e+00 16.188422073477703 73.40559733919876 20.972263818815122 3.3905720117141964 nan 0.3   
23 322 4.10469988094195 1.5796044086853616 -12.343519211066678 -1.2343519211066678e+01 5.909992475630712 32.86223842633966 18.854314774260075 -1.863661426006506 nan 0.3   
24 336 4.2289674989221595 1.5953473656017294 -12.343519211066678 -1.2132940560582728e+01 12.1377879052371 44.169749346137074 35.173014922921844 1.079557479356204 nan 0.3   
25 350 4.2516058568248845 1.625828131319211 -12.343519211066678 -5.7702558949695124e+00 19.38116013912679 38.9036136144348 19.62879073161748 6.075812936278158 nan 0.3   
26 364 4.2322125151481655 1.6542241055261235 -12.343519211066678 -1.0856171427065473e+01 16.179680299384085 43.30794588277574 21.465926552622562 -3.6471279774057894 nan 0.4   
27 378 4.215461571896 1.6823216252380468 -12.343519211066678 -3.3141688453204843e+00 26.400764596614394 76.05231840728212 33.317326260324016 -0.24708190569538857 nan 0.4   
28 392 4.1535322632133616 1.6940391259635459 -18.85039360055277 -1.8850393600552771e+01 16.006910433218426 60.35356942481799 26.688517107874333 -2.5879607927859354 nan 0.4   
29 406 4.152215423544222 1.6944470277918264 -18.85039360055277 -8.1712296953977912e+00 3.142098566678577 31.992077225173276 11.394788862172085 -4.598825965387338 nan 0.4   
30 420 4.234999063650094 1.6975346167522123 -24.45683516829554 -2.4456835168295541e+01 12.823791884161825 44.63677024688906 21.717519441226276 2.844270422544202 nan 0.4   
31 434 4.23213713261299 1.6999243808517182 -24.45683516829554 -1.0499351483761640e+01 8.97304437049037 41.45118351470465 14.154870194728968 3.580518029814897 nan 0.4   
32 448 4.238590512991323 1.7202430118481196 -24.45683516829554 -1.6519523487841873e+01 6.147911106118034 70.2265809625902 13.815173731917813 1.2944011693325628 nan 0.4   
33 462 4.313430689094142 1.7288875536348123 -24.45683516829554 -1.8933200669606336e+00 14.277247631038563 27.848444314063617 15.428290961774106 5.983499902923764 nan 0.4   
34 476 4.335877815709895 1.73890568339644 -24.45683516829554 -1.2477128176425397e+01 12.473032512354372 66.30428345065624 17.029888798664846 2.297925981172323 nan 0.5   
35 490 4.381592259212586 1.742803509623927 -24.45683516829554 -1.0239308200504574e+01 16.30412738921595 49.09343853572917 12.56860193628765 9.914565318337342 nan 0.5   
36 504 4.431884644488681 1.751049339046106 -24.749609463341972 -2.4749609463341972e+01 19.319986473051927 31.11699766129 23.46453006775674 1.0362587114397481 nan 0.5   
37 518 4.422680214380277 1.7548155237943468 -24.749609463341972 -1.1946239005310296e+01 22.981396869267606 44.235202917577794 13.203354907814976 14.13660594026802 nan 0.5   
38 532 4.352126793753956 1.7648394024567222 -24.749609463341972 -6.8614825355020663e+00 13.048911639901338 28.799838307924624 21.01426679562563 3.2796771377224943 nan 0.5   
39 546 4.215795866600998 1.7722242419109868 -24.749609463341972 -1.4920073938649931e+01 19.254792322704372 49.90041463083175 31.395761433220898 2.0914289640392383 nan 0.5   
40 560 4.067145275434366 1.7818951889126349 -24.749609463341972 -1.3512726782733836e+01 6.47316745316315 48.983923123809944 15.867801764479857 -7.963742652300333 nan 0.5   
41 574 3.9612380069833892 1.79452964004869 -24.749609463341972 -1.4826644812341648e+01 21.45007504545979 68.53729010960802 28.32592497831201 0.9919649087170299 nan 0.5   
42 588 3.949565003338442 1.800247617636083 -24.749609463341972 -4.3315959302602813e+00 17.653677996730245 54.85455164908844 29.001763593437197 3.7679819231588585 nan 0.6   
43 602 3.8679235712414504 1.8085145009010404 -24.749609463341972 -4.9624211934237117e+00 19.911157403099416 51.657186284699854 25.050680877716164 6.151449543897947 nan 0.6   
44 616 3.855296702177356 1.8190416781632581 -24.749609463341972 -2.1068216496130265e-01 17.72254593742438 36.50926421664534 21.007863740341527 5.5065828770701835 nan 0.6   
45 630 3.8349745781730054 1.8283496943256377 -24.749609463341972 -3.7949656965866847e+00 14.168466505289338 36.48144367265479 16.52272699931686 6.221267546289509 nan 0.6   
46 644 3.8278047645895623 1.831452675933141 -24.749609463341972 -1.2765613493920991e+01 17.403929455614854 44.70847690892646 16.96042292881338 8.005811389459547 nan 0.6   
47 658 3.9395536837136866 1.8487221113362893 -24.749609463341972 -2.3432044923325162e+00 19.10133286252948 72.05137807517471 23.400887008682425 3.1711345129549944 nan 0.6   
48 672 4.038493415076475 1.8516943392334113 -24.749609463341972 -1.1995025487755624e+01 7.830061111005646 38.334922926386646 23.101700939441482 -4.612508080205533 nan 0.7   
49 686 4.0517305675051025 1.8555793405686831 -24.749609463341972 -1.9586881463233695e+01 8.631520278480771 38.074252249319294 26.859898149944282 -1.0121423460760113 nan 0.7   
50 700 3.969200589801763 1.8632353551750789 -24.749609463341972 -3.1820554143569488e+00 11.91560633666716 46.13952811905891 23.480916046000495 0.7827313136505172 nan 0.7   
51 714 3.8226935621039715 1.864795706644858 -24.749609463341972 -8.8131109929023204e+00 13.185604646156742 57.10599178371358 19.57127669560501 2.0861419953201583 nan 0.7   
52 728 3.737750938938892 1.86868192126764 -24.749609463341972 -4.8352202145623675e+00 24.265644263712247 40.61751719398834 19.740082921533016 12.99206502701344 nan 0.7   
53 742 3.677696013080741 1.874504281195067 -24.749609463341972 -7.8543372896374919e-01 18.58726521230203 56.01413028069956 28.79495851321844 10.519311744517992 nan 0.7   
54 756 3.645415351087545 1.8762833084150392 -24.749609463341972 -1.4114546798460328e+00 21.101674077556552 54.44612373571967 21.943466611732628 5.040637335658514 nan 0.7   
55 770 3.625510797595088 1.8668549481523844 -24.749609463341972 -6.2391041756453500e+00 19.686018882605875 52.72666325413511 7.746244620103965 16.438615865904097 nan 0.8   
56 784 3.5431459152348115 1.8828859183530446 -24.749609463341972 -4.7017366519418999e+00 24.59891081534439 48.68814938546014 25.20921601878863 5.347339075163548 nan 0.8   
57 798 3.4209898441581585 1.891579780996809 -24.749609463341972 -3.1931918034527040e+00 8.818073713410179 39.790504537129266 18.773522894109902 0.7674024348316077 nan 0.8   
58 812 3.294940918305295 1.8959909757324585 -24.749609463341972 -1.4227384424135165e+01 16.54419772726309 71.29792968996497 30.487961373424184 -4.404893545924962 nan 0.8   
59 826 3.193911295646282 1.8944401574179466 -24.749609463341972 -1.4600292245981240e+01 24.784342358855454 62.27085710648697 29.274837616273913 1.075803828406606 nan 0.8   
60 840 3.052731134551963 1.9077991060838835 -24.749609463341972 -1.1155053776123093e+01 11.237325844309815 57.01522288405853 30.368099741190886 -3.213745186968495 nan 0.8   
61 854 2.920203276715166 1.9047779332953247 -24.749609463341972 -1.0618607596077515e+01 10.19957073272077 39.566014960241944 15.643459012973189 5.604409703986899 nan 0.8   
62 868 2.7805374870748247 1.8960021896166281 -24.749609463341972 -1.4098967584686839e+01 6.104652429666233 47.303196238783826 22.670448731161663 -4.881849456169562 nan 0.8   
63 882 2.6790340602781453 1.8887437406463936 -24.749609463341972 -8.9465911751986482e+00 1.5219637350500186 38.00569269025994 10.427739662677386 -5.088435104819416 nan 0.9   
64 896 2.5867060188670004 1.891784134828348 -24.749609463341972 -1.6310759062704477e+01 1.321702706328928 47.03106619294675 10.323924499623232 -5.552853875068113 nan 0.9   
65 910 2.5207491579281824 1.9058406898474023 -24.749609463341972 -1.9011447313669557e+01 2.1823672437142267 19.522290169817698 10.977428214438937 -6.409698886531718 nan 0.9   
66 924 2.4274959480099527 1.9097702458156365 -24.749609463341972 -1.8413907363245208e+01 -4.151617794519883 31.276448694949984 14.940083946550981 -8.564862939501197 nan 0.9   
67 938 2.3630378567039827 1.9135861291641412 -24.749609463341972 -1.2364245876458831e+01 5.812822032544837 33.91840252915782 20.724005878592738 -10.637071499486137 nan 0.9   
68 952 2.299949417556954 1.912917156459619 -24.749609463341972 -1.6365821874176525e+01 5.39866815801701 36.758300982685284 20.77390331244903 -3.6305351881767507 nan 0.9   
69 966 2.2321030244266646 1.9128312274445471 -24.749609463341972 -1.4738008191724475e+01 2.2462905768761665 24.045441339603794 15.810406742639037 -6.156085990995374 nan 0.9   
70 980 2.153482892381003 1.9097735434368308 -24.749609463341972 -2.3648063186399220e+01 -7.798587784846763 15.175656555831733 18.54625435346796 -18.945247905004756 nan 0.9   
71 994 2.1084891058573216 1.907041342384068 -24.749609463341972 -1.8912638145427366e+01 -6.5986030174516515 14.166838906111906 17.77430021720389 -13.19311643193899 nan 0.9   
72 1008 2.0978586963901735 1.914622992238355 -29.604503594990327 -2.9604503594990327e+01 -6.164938967212521 17.090626018357835 16.566176941812877 -13.89200555563375 nan 1.0   
73 1022 2.0561200213956172 1.9182214822624581 -32.81187213892914 -3.2811872138929139e+01 -14.087416144531407 22.322891714419267 19.566771654225036 -26.790972932662008 nan 1.0   
74 1036 2.0672248237924733 1.921498919667547 -40.12279755031129 -4.0122797550311290e+01 -21.433001741932618 -7.556368767395721 11.234955565850175 -27.5661528375252 nan 1.0   
75 1050 2.042692070585596 1.9256840100741388 -40.12279755031129 -3.3916327902421862e+01 -20.616348091632787 0.22295978225786328 11.26278309841133 -29.240460325485348 nan 1.0   
76 1064 2.004630097419929 1.9323617049296153 -40.12279755031129 -3.2079936275390978e+01 -15.098256080113014 3.043989292600255 14.013446424600197 -22.432765952630596 nan 1.0   
77 1078 1.9751558801448923 1.9289090785435115 -40.12279755031129 -3.4944309522661797e+01 -18.862166709302954 -3.4986496733589156 11.910891548373272 -28.106689453768134 nan 1.0   
78 1092 1.9721485486674057 1.9250692814326733 -42.32742809460709 -4.2327428094607093e+01 -30.24537800084961 -0.9130357961823137 16.53729237104294 -35.501152513751585 nan 1.0   
79 1106 1.9395931864462528 1.9341129105125652 -42.32742809460709 -3.6206335507408063e+01 -22.615476092095715 0.24675692696659723 14.272050900633019 -31.867578832171212 nan 1.0   
80 1120 1.9252002021313894 1.9295310031895316 -42.32742809460709 -4.0383983301853185e+01 -31.021412917315 11.013201995287648 17.044178030947027 -34.92822019812854 nan 1.0   
81 1134 1.8904661319542673 1.9305781667030106 -45.169691308390945 -4.5169691308390945e+01 -24.029684286369175 -18.300611250896356 13.556668076468284 -35.31051047351939 nan 1.0   
82 1148 1.869646313366785 1.943947336430493 -45.169691308390945 -4.1945352277012731e+01 -30.44308767636163 -2.8152503831365365 14.417464924099285 -35.23994500258277 nan 1.0   
83 1162 1.8342876929440362 1.9422808502573958 -47.37130606492278 -4.7371306064922777e+01 -31.787777747243176 -26.410441123437522 5.050108188701728 -35.989672719499296 nan 1.1   
84 1176 1.7763727413249977 1.930968221610753 -47.37130606492278 -3.9640016097129696e+01 -30.083130548047205 -18.885289130824553 8.973757056803375 -34.9379934680892 nan 1.1   
85 1190 1.7282588769333862 1.9354819086284107 -50.2609619210313 -5.0260961921031303e+01 -30.068853133292848 -9.886169853804887 10.215935887416162 -34.1178663041709 nan 1.1   
86 1204 1.6552605468301875 1.9414749072281057 -50.2609619210313 -4.6172560752979287e+01 -33.72950206993843 -1.6145031605898126 16.473513148904143 -38.33352007406532 nan 1.1   
87 1218 1.5836752926668765 1.9466649973079084 -50.2609619210313 -4.9154035520969501e+01 -35.517634022263096 -21.179616284613044 10.143948597161863 -41.734387161451615 nan 1.1   
88 1232 1.5289568557771165 1.946545270435675 -54.272838493620604 -5.4272838493620604e+01 -41.10566214801854 -21.435500895035467 7.392617921691496 -45.69431730729157 nan 1.1   
89 1246 1.5060581670039153 1.942945448888816 -55.189174434900885 -5.5189174434900885e+01 -43.77438117944628 -36.72562347587736 6.18528383423746 -48.7998824520974 nan 1.1   
90 1260 1.4893162561532198 1.9413118434404986 -62.128473925996836 -6.2128473925996836e+01 -49.38675814037461 -31.731257338838812 4.762449988801215 -52.33961448208874 nan 1.1   
91 1274 1.4568759607158626 1.9453994680273368 -62.128473925996836 -5.6849428110642236e+01 -50.775021596735485 -33.71662344700283 8.595786513397336 -55.447473016148564 nan 1.1   
92 1288 1.4421573734424633 1.9477992173055665 -64.15304413220635 -6.4153044132206347e+01 -47.837572009674346 -31.342833471171407 11.266544884596257 -55.92745086387322 nan 1.2   
93 1302 1.4233519518101616 1.9519996638765913 -64.15304413220635 -6.0875703047017069e+01 -51.661902289382375 -36.37664983549211 9.847542353172578 -55.26641659148646 nan 1.2   
94 1316 1.400861464998849 1.9492284727635005 -64.15304413220635 -6.0509131043094399e+01 -53.525330170197066 -37.22536460574016 14.627478878088347 -58.75853807112724 nan 1.2   
95 1330 1.3409076067319323 1.949809227875796 -64.15304413220635 -5.6327869326828186e+01 -47.792384289583424 -18.53878175814753 9.655451403340642 -51.35306664586679 nan 1.2   
96 1344 1.281956607685928 1.9589341240559852 -64.15304413220635 -5.5998562931724024e+01 -48.125403775280645 -38.35641420926867 7.691548162872458 -52.34884732524487 nan 1.2   
97 1358 1.2168541471089915 1.967182614917307 -64.15304413220635 -6.0115652166096460e+01 -52.62835855272953 -40.700794146797676 7.569050523934806 -57.127976983288846 nan 1.2   
98 1372 1.1264565065026164 1.9693149130945549 -64.15304413220635 -6.2144617477798704e+01 -57.88309847564044 -41.81649960044291 11.507079998714289 -61.32193499756792 nan 1.2   
99 1386 1.0602350042012556 1.9554295431368038 -64.15304413220635 -6.3340241111565895e+01 -59.17554184033857 -46.78560864699775 4.754630519121243 -60.49576689445367 nan 1.2   
100 1400 1.0179987376428428 1.9474757442091117 -64.15304413220635 -6.3902333164434296e+01 -60.1045597514359 -43.46990138972416 5.201781999694241 -62.09507048782373 nan 1.3   
101 1414 0.9728667449980021 1.9558295500210774 -65.30446864636964 -6.5304468646369642e+01 -60.57290143885535 -53.60242274211127 4.576428672452451 -62.396093212504496 nan 1.3   
102 1428 0.9312032382773255 1.9548656611936606 -65.43541240894203 -6.5435412408942028e+01 -61.617804464580495 -56.26820704358882 4.371336350976186 -63.48514174789392 nan 1.3   
103 1442 0.8839962795180895 1.9687696626449127 -65.43541240894203 -6.5265801999058652e+01 -61.96150962600841 -59.133197418544995 3.1315091655679907 -64.06133802154407 nan 1.3   
104 1456 0.856654084705091 1.981685269576459 -65.43541240894203 -6.5147913437541206e+01 -63.404634367655056 -58.150383015463625 1.855039902808933 -64.52232557356639 nan 1.3   
105 1470 0.8496838084996267 1.9760970648912226 -66.18395530919462 -6.6183955309194616e+01 -63.67047708934601 -55.11070330932294 1.9903087132989157 -64.671138822081 nan 1.3   
106 1484 0.8309286937385314 1.9737203650469364 -66.38557575774244 -6.6385575757742444e+01 -64.50293676707324 -53.830015897296434 2.0334500516447065 -65.69825479023534 nan 1.3   
107 1498 0.818578935135627 1.9747638334542748 -67.02444692714046 -6.7024446927140460e+01 -64.9664506532618 -62.77708327171739 1.9267139498279562 -65.99314470987167 nan 1.3   
108 1512 0.8020892765248835 1.969224778540605 -67.02444692714046 -6.6893168201804173e+01 -65.48419495191314 -62.81590808429205 2.001226155877248 -66.40714640746542 nan 1.3   
109 1526 0.7767304770484484 1.9749458859657236 -67.02444692714046 -6.6609094659778776e+01 -65.65465753030693 -63.57858053075593 1.5638076150706581 -66.19729202441735 nan 1.4   
110 1540 0.7577553489293967 1.9658605831944171 -67.02444692714046 -6.6603446018574701e+01 -65.24015699637202 -63.980266933483826 0.9625429351312533 -65.86292380137301 nan 1.4   
111 1554 0.724538637426412 1.9584946265604564 -67.07279688464565 -6.7072796884645655e+01 -64.76797404524406 -61.13641760087874 3.0730016285122375 -66.23584711222463 nan 1.4   
112 1568 0.7048539166489134 1.967172171838958 -67.07279688464565 -6.6814190474145477e+01 -65.57395623287518 -62.7969441582835 1.4069943757227321 -66.37190197085843 nan 1.4   
113 1582 0.6833832545936102 1.9693239463233796 -67.07279688464565 -6.6815359169926978e+01 -66.12331645427858 -64.02192344814961 0.7200951939478557 -66.54960681374725 nan 1.4   
114 1596 0.6745389105421942 1.976115615826108 -67.07279688464565 -6.6790773510238637e+01 -66.23592119084084 -64.29957350444197 1.114039938613729 -66.56254070000989 nan 1.4   
115 1610 0.6500181226073055 1.9825261817437843 -67.07279688464565 -6.6945396937615584e+01 -65.55662761130336 -60.49869222925508 1.6545876030338604 -66.36655112943981 nan 1.4   
116 1624 0.6177861840064579 1.9849084459704391 -67.07279688464565 -6.7063805917757207e+01 -65.90773553698214 -63.681387286980794 1.0353669835751589 -66.34218263215789 nan 1.4   
117 1638 0.5811106460741587 1.9891839754037763 -67.08679925884853 -6.7086799258848529e+01 -66.44619145767693 -63.13814632419566 1.0183172913355207 -66.73581167769613 nan 1.4   
118 1652 0.5541002394256372 1.995674543353864 -67.44283454024661 -6.7442834540246608e+01 -66.70182231707125 -66.01324409850548 0.4973479568602528 -66.94035857726996 nan 1.4   
119 1666 0.5381665817091824 1.994751510434079 -67.44283454024661 -6.7216422968212100e+01 -67.0102466814204 -66.10958466404828 0.348606499874208 -67.1197364695635 nan 1.5   
120 1680 0.5177818787709589 1.991738527306553 -67.57709477242676 -6.7577094772426761e+01 -67.07570065495487 -65.79000112701806 0.4012470399059822 -67.2587442828713 nan 1.5   
