% # columns="iteration, evaluation, void, void, void, xmean", seed=91562, Sun Jun 21 09:08:42 2026, <python>{}</python> # scaling_of_variables: 1, typical_x: 0
1 14 0 0 0 12.631692449429703 14.780967158312697 14.391108159880144 11.55588263874759 16.225715656271845 13.18431031040588 12.648444580269308 15.50128962478375 12.721031643841977 14.5437120618264 13.115671497534665 12.553484094641002 15.49851785955135 15.904028866850478 15.103675050564966 15.344075643670497 14.556001189643775 14.120869883571734 13.373831508288342 13.084869720895714 15.670268762095068 13.77426968797522 13.51387985077902 15.849216102678877 14.285543844227357 15.142551854205244 14.877227966983787 11.500664962680931 15.327888642157358 16.224131335918926 15.675413740703592 16.43389156257765
2 28 0 0 0 12.452893967277662 12.937163228165613 16.234872781140737 14.339750745245613 17.171141250408326 13.036314289790335 12.296820872194349 16.415990270859414 14.251001987979864 15.47748847688398 9.343836843605343 15.508068944110473 17.427798253592055 18.863020958372616 14.270869370052258 15.65175014146617 12.904884476420113 14.433550028566117 14.701544218832247 10.689546733248434 14.946007622695012 15.223286605080336 15.12971244643112 17.265016763667163 13.458379983336256 14.20100249871221 14.530368464212414 11.566405780217858 13.91183133072533 16.41572323264802 15.749668976360287 17.28385430078565
3 42 0 0 0 11.022763357682853 10.856480130543918 14.856801027238841 15.225510687491541 19.08699362436268 13.163511400913524 15.389995515407566 17.8998897064471 15.279898355644342 15.069974032667425 8.36834694830061 17.243075246360515 17.726470194601713 17.071273427080026 14.503501738737326 14.484027439926235 10.267315074964468 14.825455291454293 17.182207265168582 14.351062796675574 14.800671216155594 12.260379865580864 16.602199931018408 17.908635372776313 14.422742857767235 14.63487608059712 13.374316046236691 9.99706327295358 14.181138207781276 19.335014555133398 15.972419065323502 19.381503602226292
4 56 0 0 0 13.726301346816662 11.236836644164283 15.25278095773908 13.81535382561911 19.333982751255064 16.15543028065342 16.88806446846914 15.985162118792402 15.609380362804732 16.020122258573675 9.727209356351564 15.84731291825092 18.624212924578053 14.317427845479406 13.790344912140025 14.445440063692393 12.107571988203738 16.058136001326954 17.71331752752616 15.068320475551985 14.083370659705732 12.292514774613998 14.547506523304724 17.82553165063219 12.884279853224404 16.686863431992432 16.206564621227212 8.248671697784104 16.298488385840272 18.016116036795562 15.410525404117031 18.501065455988854
5 70 0 0 0 11.815152236444517 10.410517418714083 14.000713107514402 12.215231627915227 20.41015877745293 17.37327451887225 15.10769228692091 15.837970105112424 16.09995951113535 17.768005309043147 9.99807068140087 14.388577477698819 19.89623060916494 13.396022022532827 12.595290306881957 13.745294067338168 12.504719931233723 16.487712864001058 16.15432556761085 16.215443350372478 14.22837406066429 12.117305410277098 14.239118100102917 18.9399252900802 11.685180961925097 16.37904956320511 14.944569319715505 7.179242172580316 15.247755353579493 16.708637696377764 15.731393875562235 21.878772046632008
6 84 0 0 0 11.553625705552108 9.878665894785497 16.76974193164338 11.010400166442269 22.785462709071737 16.393257255731353 15.148129625899676 16.359689806418256 14.948527643636094 14.862219620433077 10.3264970737467 15.49062556249543 18.591325080551375 15.556740516222611 10.216103641928552 14.916381562387983 9.815411285524064 16.751758926693583 14.808200789414265 16.79931944402757 11.595536784371266 11.264385299794315 15.489498618137668 20.912030076987076 7.8763322511439195 17.02985901385129 18.280397861029922 8.697960880592529 15.389125372973025 16.775061601843376 14.699742067398276 23.986090363094213
7 98 0 0 0 11.089809174072924 9.997377012217674 15.546576766959493 9.335206335407639 22.01888077166706 17.24028473860118 16.144847712583154 15.748731352869509 14.893336037742152 19.08599333054997 10.081361013522052 15.849059919189036 17.871055305469937 16.96733517373118 8.149350809850555 14.012614368613743 10.662041334310047 15.453165527592352 16.26867461743952 15.826694394162724 11.217718831148341 12.398992455409418 16.834924839058225 19.814624510576927 9.458935680439662 17.183436588975717 18.278813071153245 9.516737340855856 15.149481355360043 17.681619974098698 15.039402906216905 22.773679778410038
8 112 0 0 0 10.010692178475843 7.321919864137724 15.947287695904498 9.91705301463024 22.5272321054684 17.433781779982155 17.688461724639243 17.705212432605705 14.70874556978949 23.00884648772633 7.929672766545766 19.328869454748144 16.528289240764025 18.135310904138564 7.5364335402659375 14.372828199704982 10.947001504501683 16.457632171723308 14.264361154846085 15.754120110238446 11.164946585344218 11.268110457034597 19.695800471801544 22.473643388979617 10.354112413884033 18.729515668704547 18.65799954273572 7.852149168761027 14.782813741016934 14.51233689532021 15.951627629348629 24.246838762812224
9 126 0 0 0 7.8292402571346 7.6495378017872655 15.43548922533145 10.915587872739977 22.139398030481615 17.37567119469078 15.609143028686832 19.051021191296364 14.39409288566376 23.355058184886424 7.084022534489546 21.334762165909677 16.458985475619247 18.781421451673413 6.039196465921683 13.372685164221846 11.172040543552173 16.30996171941349 14.06186270001078 16.07097149706025 9.997326883940593 10.723553657916552 19.016432509055402 20.61532604640185 12.485202839300605 18.62761002211733 16.569189581723027 7.38226120442206 14.815471408697725 15.112870099255275 19.467602029178806 25.661937145060254
10 140 0 0 0 6.2245272026331815 7.774706012722845 17.439139673116152 12.55134476031227 23.421161523140835 18.667775026077823 17.27188930253895 22.23816430103266 13.223598417765906 25.513882947390766 8.529322960088578 20.278396080246296 17.7328608911877 13.798235579800442 3.541044542694468 12.566241918581804 13.946197670146505 12.052355756094439 15.89413597196892 17.96476061290968 13.179532661212045 12.883911350030434 20.2612530602909 19.494281882870617 14.527456827661076 19.729317342726183 14.037492809096598 7.303120168909897 13.9430336079963 13.668582725832527 21.174912193324968 25.51327924378556
11 154 0 0 0 5.1799862182555545 7.074205772098553 14.298983631805546 14.047054045580568 23.093647691980287 15.903507899630974 16.89725500128776 20.25274540215614 15.09167741255722 24.677813373243882 5.745077041534868 20.04843316201823 18.753279498246442 13.122542864250855 3.370229099265413 14.968848285147917 12.197101478577911 13.216484113441464 13.60740040874128 17.683338715923064 12.524533294949658 10.419594009350467 22.333505789358572 20.33745807041995 15.53239690268068 20.78517476281608 13.02052287273469 7.652065122184699 12.779031264042267 11.348562357187001 20.61576561299281 27.21837819439603
12 168 0 0 0 5.4139273918493656 9.7715294740172 16.457898024794087 13.439147613088004 20.75811319857742 16.421818742773 20.66439090579176 23.871376419945005 11.978178511502064 27.219107066541387 7.115877021386704 15.71976120968067 18.259894708269712 11.862353591918962 -0.5548905209560852 13.043994341098157 12.637122546825065 14.011340285967192 15.561822995107866 16.8355730486351 10.750517751457085 10.122650396055551 21.919824555366333 20.43418501285982 18.69817196952939 23.41104053890321 11.605297024110635 6.404537839100326 13.065264483996833 8.297449719509018 23.442244406303615 28.567114642602323
13 182 0 0 0 3.162623776318756 6.673180469828973 19.719988793277707 12.718238529582012 20.256336100102747 14.146603370027957 20.75023441493465 21.311485454916216 11.936872092026986 25.464147082967088 7.410426312926383 17.00271684521601 16.178415219443668 14.207773965076987 -0.5516519394063426 13.782870920251591 10.595478517463672 13.79855663609323 14.479143844788712 15.567443113882163 12.491605619559248 9.336644549616548 22.195078381648955 23.82041546797024 17.083955431665427 24.18955012855634 12.53472528345123 5.786651094624319 15.715280273159095 6.711088626348502 19.94511062379361 30.00525675863811
14 196 0 0 0 2.1510117071602792 7.957603504894734 22.53275236548239 12.627422999951918 20.124687559125256 14.407209412736176 20.098620745074896 21.86325411853521 14.153383405265451 24.43283571197254 5.285572721612538 18.776063344032824 15.460694047028928 15.633998603554783 -0.8235944512186512 12.949801288145359 9.530945306956278 14.360042886007001 11.824096956433607 15.375100243189658 11.55118471039838 10.446046609971201 20.998131765296748 23.510245903173065 16.681122037741094 25.670611203623487 8.213300777955265 4.731022993984572 16.270310013261916 8.459306678177386 22.080832114408068 29.3423532386131
15 210 0 0 0 1.8047081677596841 8.291207476351156 25.109664161302334 13.748581619238632 22.20446223085684 15.499749259005865 17.920356251968833 22.14524607464633 17.131013331994158 22.52260172948685 3.0043563004947265 18.8358753389579 17.02149298969693 13.914267327359823 -0.3911982487947843 11.783547424745066 6.099046184544304 13.717918145329723 9.72443670179988 13.645288067759969 13.347497636592925 9.223950530792335 21.777004433563366 22.94573751006293 17.02720236280251 27.133351376799467 10.414791666597061 2.7305600606812046 16.791286030179304 8.802007905860163 24.1010161771974 30.60602566976355
16 224 0 0 0 1.6651223048068748 9.903824599726748 26.26658571710774 15.889377437619759 23.21490025933659 16.658189073917935 18.293312781339818 22.584084721567123 18.10000811320573 24.009696696526944 2.63940759948707 20.383529280400634 19.612563446509178 14.498734331024032 0.665082121932642 16.124946165482037 6.950310333038036 10.816068082706273 6.2790732324753735 16.699422532026144 11.732640662002465 9.625679996561342 22.53632407021928 25.083575236268477 11.517965239593394 34.74441012102763 11.072586601584131 5.6875311121011904 18.40855496450422 7.287360140263247 26.03486114044762 32.82172838465195
17 238 0 0 0 0.7989258927657418 10.720642807533011 25.463583317045998 15.018476389958916 23.197981467874165 16.534817201946314 21.03807913025698 23.329062865506064 19.12629604121064 24.40190405618638 4.87566608743931 17.582859987045047 20.690314972396113 16.121085982272216 0.618104180854583 13.837705152032575 7.157902127098491 10.708306359549361 7.233098713511435 14.656437694951354 12.22723794010283 10.928107173924849 24.4471000141525 26.522998834724053 12.66033994373458 32.74758712219379 12.463237083546597 8.487842059261872 19.037100277608722 6.998845102849893 25.882298918328846 29.92637622865776
18 252 0 0 0 -1.565643734038927 9.094742557153364 26.961126688323237 16.612751513841744 21.5322064402403 16.383345583227367 18.897993563597932 20.825506139292788 20.193642401111116 24.659541670173983 6.006523150809976 21.030208875147586 20.180872215793887 17.269668690556056 -0.12504820987328974 16.475075820770336 5.65218127780404 10.140431436695634 5.248587954980447 15.937289069866978 12.246206442908571 10.517977383527247 23.323264696850547 26.606689828426518 10.681132457469909 30.855398305674427 10.233123312821268 9.983989146278486 20.566552206226884 5.298025739891886 25.129423619502724 29.78002866549073
19 266 0 0 0 -5.040769031472522 8.687302750675423 28.28818530959089 16.470317067289315 21.340180418700687 18.466675795399798 17.264947066582977 20.45287796833626 21.153083038652454 24.129668531833655 5.959971393087207 20.708218940283263 22.44173302497802 15.975472748306201 -1.2641029327768332 15.788704937469301 6.623100534748595 11.73287910679323 3.140897846214021 15.841069901967607 13.213133468960581 12.779405013736119 22.8132868395368 25.868411947746875 9.941755794698215 30.188563080764364 12.490923237093048 11.699240477759645 20.86410087210692 8.253310242046348 23.707757139998087 27.62865380711919
20 280 0 0 0 -6.14033283755145 7.034845288607727 29.677699221037056 16.873715837795093 21.101841208282703 16.176940385160382 18.216469379504925 20.473756446399356 19.112072384712857 25.57624784294571 8.377837206943951 22.272462605379136 25.668536602248018 13.655145766650442 -3.312444174009051 15.027087547591487 5.993476819936021 12.343474205843158 3.583720745010918 15.94490040220464 13.068393537255256 10.360590275907583 22.219604995161262 24.820841678265573 10.84986242057277 33.70027039972295 14.687759531138907 7.964318512494625 21.485689074493514 11.769555424099122 24.57554838399175 28.475043612357577
21 294 0 0 0 -7.162344750454013 5.198535734318949 29.23156440013979 14.142646425839805 23.126994526679148 17.615207305332994 19.72947241718044 20.405196264944543 21.08650749704718 23.83795866997898 6.62711841700836 20.426220668311053 29.29836505943088 16.57639879296565 -5.358894717863922 17.101948406434694 8.135680521020841 14.260213537260158 3.0624156430407172 15.164469683991863 11.202712167362723 10.571924490657482 21.712128967441636 26.370995791815876 8.021711440571021 34.927563138927276 14.720806303160643 7.434425392741321 24.617704020106853 10.184790199831651 26.47408786180673 25.280197011181546
22 308 0 0 0 -7.357777030309158 5.257739908990785 28.942745289928723 10.190451954338785 24.819194613565713 14.916785330500833 22.22538508444297 19.980859177482206 20.24618846228913 24.56121440301859 7.6285231757807646 22.238886663151234 33.37222291424956 14.984848201217346 -4.436438150089558 15.046640826569279 9.031431556645908 10.368230944319425 1.2323570892142048 14.056602345170093 12.995869960604368 10.403274865453843 22.133207666020986 26.08765320411662 4.835568223853932 33.484881012256544 13.441050265241744 6.6585552758478315 23.972061937415813 9.834661805740131 28.88156853284777 26.7238600910564
23 322 0 0 0 -7.983729637634591 5.130072950610733 29.128480213421017 11.037966342665722 26.4323076033568 16.98503298731106 23.493644563366463 20.918398997134226 19.899152219306995 23.701294618043196 2.6712874540520457 22.226385345892425 31.00877787339238 17.830695301295858 -4.869726719344711 13.565504512305251 8.257438003106097 11.12279432219754 -2.184369148472237 12.363269732788151 12.943211401851872 5.197202311590715 20.92830282093561 25.544479044164724 3.9680790080974906 34.48435238507795 9.743040331187439 6.976340754273258 25.5739061883158 9.204902986229744 28.315264111674775 23.685132915409024
24 336 0 0 0 -4.345702105834932 3.952714611408156 29.378442071968962 9.890910089555513 25.42684582505658 14.23557075730406 23.613201724553846 23.032071622914703 22.586788136723047 24.247163498023916 2.084403636412212 23.94950195493238 34.30722774436395 15.81530786222196 -8.201555904701227 11.137119161612956 10.741776516881682 12.051302381139168 -4.455333976168096 12.112108180058351 15.647926459555242 6.82268133005237 18.443394624528313 26.25389887445178 3.4549147614433187 35.243764384835 8.04610851867117 6.294376244786118 28.22696634684045 5.612683958281952 30.20598553258401 22.45373825793494
25 350 0 0 0 -1.5532132784187438 3.0490094821837763 30.568397213718367 8.745831842438815 25.933182491748237 13.085887062463295 21.48270454091356 27.33739101716108 21.311508256184133 23.58041131244145 4.481038073993408 23.909940212433963 32.810468426326 17.208290648649317 -7.6193353383298525 12.922982002549611 12.009383273143989 12.64718702121677 -4.545938939147574 12.661709507870038 18.665460588184676 8.845020456411808 19.209948897876764 27.723781002053716 8.129704319237877 33.736206489228266 5.441894467149631 4.397576723882583 27.610545229458378 6.818840403152092 28.90050659615334 24.227484797846554
26 364 0 0 0 -3.16606485961131 2.3741464778778334 31.29523882254807 7.186837278565739 27.380080884630758 14.30617050310896 19.98501809186066 26.562169711137873 16.392898189274007 25.853504949771374 3.7533426864202 25.066025719273732 31.104661163997655 18.857232086945103 -9.685052051879108 8.028616591210552 10.000446003142056 11.290029404860414 -4.2320104841506305 14.391503299322231 17.161610953386308 4.855952325744478 19.273644583861877 26.492132708791548 7.827242545486075 35.792546736730074 6.454072496552766 3.1680693062057284 29.1214604406201 8.93735249339369 30.243379970627466 26.687129587870565
27 378 0 0 0 -3.740979124400695 1.4842562648786224 32.9948002736178 5.95914200846234 28.427931050464224 14.241112309969278 19.552919408556896 23.51611410444219 16.16057611286963 25.034162783958756 5.505910206710307 27.607397742238934 31.234097365083517 18.17550362995938 -9.972817052095483 8.682770319985778 8.313414137279326 10.697912779892789 -3.6853895182859393 13.063997101555053 18.34637726892485 1.2420215162522603 17.973373957321023 25.494778016996275 3.7095705691325285 34.0552461126988 4.275617984930935 1.3207461866447943 27.464278828439944 8.25176829149642 28.35532395271913 27.183015402914048
28 392 0 0 0 1.738648176872146 3.3439138813922384 33.34258195559947 4.161876300345869 25.16044342606197 12.369493671462612 20.351936220161452 23.060115808612316 15.03772287715635 27.443975302995543 6.142889613396084 26.794660092550483 29.604846140998283 21.63536745898125 -6.311816620450896 5.99242425883132 7.240751103249264 8.000907919106785 -1.0070523856562812 14.742864703824312 16.157904421026327 3.630615539112511 16.46666490965813 28.42607978525317 5.419036518425297 31.72748892881005 9.117731169558075 -1.7883494566289084 25.28484952298138 6.7735331072098495 29.14126730651467 28.785562989603125
29 406 0 0 0 6.436356864876275 4.2174078561788235 32.18604576678856 4.560323019563857 27.156175850223594 9.685240551068993 17.477182628165554 20.90449024831722 17.278188685876717 31.288486070130173 5.892368144163485 25.305320915592254 29.830335161941992 19.732637837822978 -7.472114561341272 8.003923092834432 6.95749307053058 7.7079726491611105 0.9953293467565111 15.327933713898643 13.827496853414775 -1.3266483717347093 18.611937690150267 29.60241496393514 5.698538135265443 34.28770038200987 14.221195902324373 0.716525820942095 28.036427651356515 4.597910410813069 27.19706563755547 31.375303595259776
30 420 0 0 0 6.595225268342796 5.323950538876551 34.76796380580748 3.630784849713297 27.31552061190195 5.32073702542208 17.58077196592138 24.524143924570303 15.6203961716825 32.642197934868264 5.499823641642478 25.019745821224078 27.787624394421993 22.83088502410485 -7.597824701947912 8.143310776894712 7.371225062189198 6.288063469756844 1.9117008307417653 16.49077219329999 13.855559648091686 -3.932133864916013 19.11577434808929 30.732829222938282 6.8571719016525385 33.12386279065119 15.057102163509445 1.242000929046966 30.193213262822912 3.5524150520111384 24.845505830343985 35.25400292544671
31 434 0 0 0 5.4750851750588065 4.2958588288379636 33.26433344551309 3.9733735778819783 26.808252319509 7.590174317980245 14.905196856433804 24.81247005593734 17.03082590862355 34.036321294787676 3.6934814537227503 28.45357440948763 26.935025870860095 20.748153943706384 -3.9197427609154882 6.277888618911202 5.340658448233813 7.611850624918714 -0.3168755466536973 13.982834257159343 13.746479046624321 -2.474086129894087 16.92465174472716 31.80375764195189 6.431559154507585 31.12318802769201 14.790710848224732 1.7317030023306945 33.19963039181425 3.9677717738963922 26.050348663064824 35.985300574880206
32 448 0 0 0 3.803070705061373 1.4845803819204242 34.35388914879194 4.6174977111191 29.80391138982156 11.64664930105143 20.189258707765532 21.675521433184183 16.061560012737264 37.790575049534226 1.264205623961348 31.958044161298808 28.82604868392492 20.74161531361475 -1.1087649848666319 7.074058295763604 5.553253145700358 9.38318596579776 -3.1769883703432686 12.792577641161584 15.976545947028297 -4.7962773918330015 24.558456325776238 29.69594587751019 5.737153645093783 31.97772780260754 15.586136139133274 2.4678988222375637 31.08028020058607 1.9431010191202347 28.292798391740668 34.98691450078785
33 462 0 0 0 4.501517593337984 1.332293267588357 37.853774664411084 9.486144654108445 32.59340254985659 13.09539998213779 20.514496992521032 18.125017662193166 13.775909609215239 38.354331300509045 -1.2074896285296024 31.426189633608306 30.181490309977324 23.098445416499725 -3.677738158721129 12.091847899513457 5.259446361820298 10.05882678041679 -6.360233934442345 12.750000281885235 16.95030454212269 -5.188033665839622 25.66593343572766 26.805925055226396 1.108067196554279 31.18748990842695 19.616289396260026 4.40563492852234 29.010203858064674 3.8944074703454548 29.029563398634213 35.57762432211085
34 476 0 0 0 6.854635964801189 1.235787434350827 36.99465527395599 6.6557558948363384 28.825994544283734 10.807357007166058 22.86282428834573 17.64259913794704 15.413196077354913 39.937323548241665 -0.4453480469513736 31.35542496228864 32.92772144314534 19.050258818079172 -3.512000584751839 12.875390430892516 3.2886162944231114 8.95589864248628 -6.9930643278321245 8.522139161900022 13.608747608121558 -3.8885024299361244 24.06169749797719 27.48720653174248 0.9396584715188712 29.603477685034182 18.93980539682315 8.099482477658333 29.163239277522624 7.1963957321756995 31.110253843833608 34.353049698710635
35 490 0 0 0 5.335791892696823 1.9383175033964237 33.04006089456327 9.409117505814088 27.316093430989064 8.503246128719054 22.951558322350923 17.45293719235556 13.010157460010486 41.92486413757732 0.43058290951513656 36.28471754463236 33.33337960984317 20.77076511948049 -5.496761941772574 8.646719226165613 1.5961076824975546 8.181026477495386 -8.891577412227871 9.082600025740481 13.7268980529835 -5.565972030296195 22.87419239127637 26.059755818423103 1.0840063081977425 23.724954965634957 16.710480203728824 6.867272763694449 28.89414336174237 2.653960888574598 32.692560714012025 35.981146252133755
36 504 0 0 0 4.128546580275361 2.405405931496731 34.12375268034214 8.335898940462341 27.906653646760585 6.700336239359046 23.511123641006392 16.770750283004933 16.21352110232012 41.453144155356924 -2.186183473879867 38.53499446254868 37.58602137308193 20.13724286936678 -4.456667510672188 9.516182434077532 1.7727779128038974 7.847494321867083 -7.5165130844962205 8.218203470390888 13.124935806648002 -6.700807450398124 22.67735157230416 25.050472851145027 0.577209590690152 24.24166889126862 18.543174181032516 9.071653541959108 25.342707856743854 0.8411224139286442 32.5636576004728 38.094877688932655
37 518 0 0 0 6.028993847174497 1.8906004396701432 34.01090442496062 7.3523332457676 27.057551893439545 6.0627081805937735 25.16735284208467 17.478253506870438 16.323706761701178 43.681524462126305 -3.3681348231989383 36.41529560606082 36.99147838696886 20.60172261962451 -3.0409319710531753 9.041218689237668 2.3733241135293746 8.443717988385496 -6.87431860415624 9.021219547484607 11.446809676215867 -6.947015240254183 22.82085831878892 26.511643123471202 3.399714119481103 26.73612987499777 20.571737281588838 10.62654263931178 26.950746942970326 -3.2314167942268717 33.09618658945 38.833228580867214
38 532 0 0 0 3.9416343891811856 0.07159138756562193 35.21572360612102 4.854359787377177 26.255001817546148 8.037219411752927 20.881290558733244 19.65782228014661 17.628706359108584 43.41479309793164 -1.3067721926294498 37.30925531915323 33.29306439570847 22.480690060111545 -4.464002709905311 8.964673561063773 0.24890996045298458 9.768929458759178 -10.567698321124253 12.792870426521961 11.382884666623912 -4.185719983155198 24.72137348269999 30.613294707304163 2.171328172542548 28.842234056232044 25.219886776692782 7.875420547316813 28.918066260735838 -3.3739759337365434 36.73084407131487 35.46276199267974
39 546 0 0 0 3.0111236106804182 3.463948138001062 38.93368963540617 7.356848123094264 27.551593905500443 6.067067901904218 22.754339698833725 16.611841607331062 18.686664657306817 41.073049894305754 0.9995556389781782 38.75588237635726 32.09501752623526 20.591633874435463 -5.29408243985849 7.6226541571020645 0.36936518129023227 8.50674712430268 -12.95002739762506 11.490151030087723 10.967251484447255 -6.698820035131852 24.879472330031547 30.413006411682733 3.355182861885727 29.9936542043084 22.769667415001052 5.512237749224607 28.349369097831726 -3.4470805711124646 35.154426880125826 35.11332101803922
40 560 0 0 0 1.4219659067115347 3.0812921363045795 39.63445924445096 5.33400165133365 27.203369508925288 9.973072260366255 21.921766756052186 14.463558980529658 16.22417522320973 42.51762170808317 2.340665147826082 38.845038304637576 33.63767474558454 17.4933444514258 -4.197100974347968 7.780734467963629 -1.297678160125002 8.806717499766572 -14.70700891956573 9.976875042840076 12.239566535240632 -6.56577517102904 25.28195440648569 31.040973261564883 4.353736358695218 29.687202014442633 20.639864840974283 6.72246527822257 29.975085152333435 -1.570215328122788 34.99839240514073 36.812831453719404
41 574 0 0 0 -0.5109138853235154 2.2977034152767106 39.47648307356623 5.8142632325210375 28.725379104892248 8.750764862869858 21.850544718061297 11.952067739156565 14.786766732796297 43.5760996159392 3.0172062710204512 39.80197564740468 35.65259982118387 18.58224772556567 -4.22002782453776 6.395789277406968 -3.1633457878558624 10.051290924091447 -11.472119264651191 8.739998779346434 13.787730781230724 -11.309606301886529 23.463021046214685 29.81640664853078 3.6599865906218008 29.488292357485484 22.87036564313065 6.4164427471352115 28.7211698374455 -2.8722671337986707 34.07459484581906 38.19616105852227
42 588 0 0 0 -2.01704942080561 2.4552354519858373 39.07095001175521 4.878276052130678 30.196137066459247 9.196944325762633 21.084001784144384 9.13237447548132 14.55109303918427 43.76321796908503 1.0352332695137183 43.51831895304814 37.94178663680247 19.337334838594018 -4.131259054959899 5.811113252559002 -3.141246851594218 10.514875050374387 -11.14548488209984 4.85174504380347 16.119317412865712 -9.149471494316149 22.588091998241477 29.60681107270291 1.6237199988571305 25.695662098987384 18.423709315792014 10.281623016458598 24.704946085918323 -2.5490488618177896 35.59561679759767 39.65823166474351
43 602 0 0 0 0.3612388137511286 1.6443130347495465 38.962511878643504 4.254199319349179 31.688396618912805 5.324455169001258 20.293867558145134 10.575886714505303 11.21039195575246 41.33328432055271 1.559694295582683 42.48526489703372 35.40387706930236 22.472802119811735 -0.9885588734707397 5.326485260295887 -3.115884830147164 9.277638729796285 -8.181355449544796 9.289377904196462 14.594335480396298 -10.73659328920786 21.863759544427776 25.033273705246355 0.08804839065902186 24.861220604921133 20.212469311431274 9.796826694351576 26.145691617022926 -3.502849966381493 36.00000408258483 39.93967731908309
44 616 0 0 0 2.291906264908288 0.38822321389366027 40.18374999055372 3.104522922665442 32.08378276074406 6.321933063583846 17.788135415565964 9.090804285056501 12.579390797776545 41.97025436394929 -0.5668999095304785 41.461636976767814 36.57848222260047 18.795393284479797 1.8183657922081584 6.369816992269691 -5.601209456553774 9.085568638848661 -9.489886398730532 7.311115839799102 16.330057798787113 -12.109203675693013 22.45461966886386 27.279132072895475 0.005115744418690865 22.315490991360868 19.49256439977408 15.824108552855945 29.029078789735436 -2.8109774614091108 37.43181198217784 35.01425857381272
45 630 0 0 0 4.844912864773416 1.389468313180014 35.31200305106484 3.850296699428305 30.9052617887877 7.795698566176869 15.21258319473006 9.93063480004941 13.929076125812674 37.54365204138777 -0.005703765594159409 44.265551677206574 34.61901446204783 18.035210380967495 2.775897155921226 7.927659966248957 -4.321882231601472 10.761618649754748 -7.467718271026899 8.216866074087731 18.644653743024286 -12.584833411443272 23.372886645802023 27.014664484370662 1.2193428150751424 20.267641166933885 21.309386344912806 15.816382114265997 27.795250648385196 -2.4369986060025592 37.57492071454684 31.45746834572494
46 644 0 0 0 4.151849887120621 0.24765604343471448 37.52550375921782 1.3534923160679582 30.521668299566002 5.702731059530377 13.214035877848842 12.159107628053372 13.116194823671181 40.0453989367744 -1.4382691083406507 45.62698263590805 35.44042977606001 17.32310656481917 1.440121122715356 11.151954567397938 -3.278287584266869 10.822097369448526 -3.2908561531899685 7.927713183018111 16.205672513911065 -12.10037607141126 25.44085414357431 27.470510009951052 0.7742656526552283 22.057126377588194 20.697169314124412 19.55195572388522 28.17441652372897 -2.8401319434273193 37.85677105940945 33.969237862783835
47 658 0 0 0 5.7134491502231 -0.3174252783715165 35.8959220101718 3.5802363344737573 31.84612256287869 4.871395429774036 8.34779044864051 10.280798348842406 14.954829133232776 39.33837275040244 -1.4875166031854496 45.659114400416556 37.45055584305554 18.03720004723194 5.750480399539296 13.417180456928302 -5.493552523029722 9.370649536172433 -0.44163971347248654 7.202546430667011 15.529822150040431 -12.023616482552901 27.674088602634715 27.223895403131216 4.002957153956002 22.62348904333596 18.511216092291676 22.413633185274186 24.21346228045157 -2.206250260664471 35.42410589668097 31.19817346366125
48 672 0 0 0 4.61779476157276 -5.8728974253548705 35.417956267041 6.77650786231627 33.39205167811586 6.889983189589411 7.993860834586067 8.550973965503706 16.412586899543456 40.975172125966566 -2.6146453148155158 48.72497423219493 36.57401323040331 19.367790232510178 4.877850521897074 15.285808851092991 -2.1650023688840454 8.652663884784676 -2.6683834682563505 7.625266619009009 14.783666837196185 -13.075927150967285 26.03724150777424 26.673822311498483 5.816496508867347 26.468697668842175 19.988830296576968 22.172444279113524 21.366976623983973 -3.5719351598633824 37.91003024322244 33.206143316972614
49 686 0 0 0 5.707801778137239 -6.558706601073801 36.84377481350341 4.655101644052523 32.17167512599374 7.567047965315491 6.659540570787689 7.594139335575809 14.925645166214736 41.91680103754804 -3.365778664147968 44.95910969566336 36.77293294143369 16.456093148914782 3.0081248731032546 13.061303258003155 -0.22180306201682692 4.45526493390251 -1.8099690593611852 6.726630148320666 13.015833629402877 -9.961062949773975 22.848588336453734 27.95030861541911 6.6329827742797685 23.862738600764487 20.28563115137632 20.933846269950887 20.1771478028132 -2.8311657513921533 37.985218410653644 32.498204250966175
50 700 0 0 0 6.279085816180623 -5.120217808689681 38.04643158783021 8.058725807723436 32.69130720697535 8.22960220407058 11.317547244125846 6.979658851311588 14.017405522176766 42.574734082441 -2.4879559225788155 46.87919101919267 35.83290059682101 14.791508741544513 6.5010006411368675 11.446170161605995 -0.5641326147437894 5.459003026751532 -1.0877466749635858 4.209272619862972 12.01250937479255 -13.803343938959765 24.26742001106037 27.45666368291923 7.784077389639359 24.29384530426556 22.75954799183278 17.529548787369706 22.017854554168284 -1.5802908077774127 35.67402923863814 34.22379207856481
51 714 0 0 0 6.097195448186709 -1.8862695440967983 35.66963769028991 11.578612196565308 30.910503195270913 7.415284537887764 15.961262868297535 7.1632942095624665 13.652377699096922 41.4425532123248 -2.671092192532596 45.74107457673119 35.32860355121634 17.993912782855325 1.5722847141411995 9.56297275162482 -1.4962233692665452 8.524124958240789 0.7326893053612743 3.7083426010954454 11.324336179647915 -12.607067954093672 27.14677580265248 25.77237864660791 10.978523863821247 25.404149750118805 21.641643221700757 16.077973012664334 22.574346620664414 -1.315774329559937 36.27333473294952 32.92653255956169
52 728 0 0 0 4.836012765301412 -2.158483524671143 37.881464363488824 12.152945944823625 30.933650939732694 7.196980127920998 16.407092623105875 9.392398576787226 12.75038878536363 38.269024017638216 -0.693037753522122 46.31658901991236 35.398054563762194 19.513388771000347 7.440008622781578 9.990370760397134 -2.548686505572607 12.762501977707641 1.4622252039044363 3.2632203580257935 12.320357951444803 -11.597054185201918 26.371845359589113 24.721632400679333 13.309597343061533 24.888186317210124 22.41955212015661 16.72147026499751 20.484417144564972 -2.8588938029891153 35.258520591635204 31.099810962249506
53 742 0 0 0 7.13132633927843 -0.7025522708999301 37.37913818282981 8.723648743693687 30.981566007918822 9.178515101004502 18.7953859259668 5.9879090605830365 13.860224563648083 40.152351778179806 1.5714626137776175 46.098271985470205 35.90180464411206 19.89338596000086 7.016113888406791 9.762107061997522 -2.138666143459912 11.622567279275703 0.7404940282573915 2.2434847922515835 9.26818807858108 -13.634151475632564 24.654628750268113 27.606660246025974 15.246640114821105 26.17737625710966 22.163152007829765 15.380604455192294 21.62666036672863 -4.6507986930374745 38.238259601731 29.314372296262324
54 756 0 0 0 7.310236719136417 -0.8771355156657151 40.32334263664077 5.670792968988262 30.451542895545483 9.353457721148864 20.050234685599946 5.65318187798215 15.120669598968822 40.97915593702515 0.8166888588653118 46.446318540721066 37.62054298876697 19.83942078912172 11.425303988014633 7.290597872852965 -1.724363857748488 13.177794574265729 -2.6858895243969907 4.923729525736379 11.293231260230149 -16.030882155853 28.254739935620997 25.963451921673393 15.624087374263425 26.69199533761325 21.422388401403584 15.46636242934191 22.562858477045275 -5.8440745722224525 38.62022225475507 30.350742934041097
55 770 0 0 0 6.718547311321632 -1.3968407793151312 39.51243659911578 8.5668203222955 30.038070651094287 6.9555667476559675 22.048332591775118 4.735198000906792 15.744313709545853 41.10117837011885 -2.019739414253865 47.49721836307777 37.36772765383646 18.196983941008085 10.442851849119071 8.14934738116951 -3.3223525924691732 12.479330468967822 -3.5185470117787387 2.477438298310355 8.525171574566103 -18.100988261611036 28.052198106382075 27.321656184351067 18.764282673199883 24.82522187617475 19.997509802818456 12.824620102924474 23.61316678956805 -5.619189735076981 40.174892193091814 30.04361076501493
56 784 0 0 0 6.448569152381806 -1.4265786384591426 39.70141084163811 9.590672084176354 30.481932107678613 7.010028171741552 20.89727811092318 2.513078807614553 14.735515532566767 45.976398780059895 -3.1938956447879376 46.26160015159925 37.4542323673597 17.136498102183403 7.412272119022588 8.118659916242168 -1.7218361687934114 10.518044877597523 -4.449644763408739 4.431971518093382 6.370040786322996 -19.49694834153872 27.08040877792813 27.941510233202692 15.997123936239218 26.487609189225072 21.54458391342982 12.41349961417387 25.41444587368187 -5.637389798992686 39.5455233399959 29.83159744551426
57 798 0 0 0 5.883758489793172 -4.4269688019737785 39.71040862500034 9.511558183346462 28.745866709035 5.291338031804297 19.83531462864666 2.2044008819301473 14.288175306167055 46.662773410443506 -4.22248304448992 43.63353160035117 38.252838655353045 18.346974534940532 6.9817612069457775 9.914915817604985 -1.2165866651624562 9.429589248726739 -7.9610461637710355 2.7432947752201717 7.363717261229434 -17.58181456551951 26.876684467301104 28.012377606227812 15.086063735815138 27.014078701299717 23.40764999737498 13.754429592542598 24.56443870664798 -3.899194072063409 37.934459835065844 30.472542126351744
58 812 0 0 0 4.201823943673786 -4.765430156201205 42.00381856015343 8.821089423495026 28.42010142024816 6.4635194767826825 18.0639351641083 4.807815824503116 18.081351294751343 45.31548910084348 -7.82486692770819 42.03406968037295 37.926743359606746 18.263569355859488 4.954244588163937 8.169809085167934 -1.5446514219539973 9.381139531745172 -7.066064770088961 2.119615587784208 9.135035649825074 -18.824372698399948 28.291301621066886 27.45727189414409 12.115960416471587 26.506670709473383 23.1536585124549 12.343740446514142 26.316086761442687 -4.1364912207519176 37.73217997676364 29.417693903299938
59 826 0 0 0 4.603092021785199 -5.091608408251906 44.135348652798804 7.538581150256096 31.198897841632768 6.742566736032968 18.37660016067006 3.74224449600564 16.489247985638343 47.12077781305699 -8.016048130336717 41.94570704743981 38.9751302204032 18.198680194197088 3.8125448668245454 6.805937086832139 -3.9336353580345693 8.89591162285376 -10.316412345705478 0.8876970655262336 8.35697059372422 -16.85351740980212 26.155071198034236 27.721998981488415 10.98208408432 28.881022905752072 24.319845783152893 10.789793280118548 27.96616680634706 -4.76641992263213 37.97657413099889 30.499420262321465
60 840 0 0 0 4.883678299480432 -6.315032233173576 44.7252442265674 6.849146014732122 30.57602194004156 8.2262200124481 16.60089061555619 7.372902356324135 16.655782579760853 47.494607986860636 -6.266889057146844 43.88296003755917 38.865645837837654 17.666848218531523 3.212016648348064 9.140588394671422 -4.319719178443826 11.154988443206863 -9.158230554580033 1.7475153848329947 6.617997516556968 -16.961082590090342 27.194035410489928 29.106344457717768 11.20335372565889 27.542380801756266 22.846559977407193 9.93191117108163 27.865073936107624 -4.230089841675822 37.20247663974583 30.360642520120876
61 854 0 0 0 3.1915445242936693 -6.580681913349195 43.119675304828476 6.730286899439363 31.748827015458485 7.161431461379418 15.446718359989077 8.563949291663496 16.539019788856905 47.033141216090144 -6.357859274007534 43.84587995488687 37.36974532214215 19.42197312278927 1.785140478391194 10.758870675166794 -5.277149937982244 9.816948469535042 -9.118214093162194 2.7690866958458265 4.569559144869938 -16.740429576166406 24.310250386098076 28.76656744071696 12.55011788127248 27.55487618537505 21.80121099179244 10.386725832265062 26.685249186513385 -4.190970758942469 36.89372141605109 30.215995751244048
62 868 0 0 0 3.579575745340556 -6.925865783813092 43.903200377182 6.88258446157178 32.810548001275016 7.154135102732635 16.89700218875815 8.353032632487292 16.529310043628215 46.86114169669648 -4.05908088428489 44.116924629088565 37.302806156715896 21.073205264054177 3.0124680833367288 8.821547336906773 -5.147806377273127 9.07318235166782 -8.594700969764178 2.5076247581679465 5.497796489358287 -15.982002066172798 24.559221494949192 28.395781995491994 13.399602407547214 27.387708772348965 24.04651386548797 10.389957498516216 26.106328990145997 -5.660522167568708 35.5556095347414 27.622530602615097
63 882 0 0 0 0.6510299906392142 -8.378923577978899 42.40149555624218 6.52353130248714 33.058189630428714 9.081254890294893 16.772925782716822 7.317343642425682 16.221924663272276 45.890019670496756 -3.0062293343920756 44.02730543871634 38.7339806311223 19.182656856583144 1.588928488395862 7.217346533973183 -4.0257300940676295 8.4827452708069 -7.439746896030889 1.7160496080583245 4.704789060636696 -17.480323570444384 25.185072459312604 28.181893674171082 14.069127468813207 28.864385765442567 25.13898416500183 10.439050901806674 24.708113865148587 -6.371295149625607 37.5990072159022 27.6204290453179
64 896 0 0 0 1.2910009434282101 -5.65076873327052 42.45958073272871 5.642852663670312 32.54417120119317 8.190703204965983 17.00695905220325 5.827858825403067 15.995769109732704 43.37670857183196 -1.9914964136325015 44.45536540699826 38.40695489245563 20.703321123046123 2.0465232045432566 8.552223047130404 -4.444454856785121 8.070837371807405 -8.541634317761904 -1.8382561367182257 3.364455191419186 -15.979832288917205 24.917054577100696 27.258369049426015 12.68049099841463 27.335454720463176 25.351120031606847 10.537811354576236 24.584656709324207 -4.802735791741222 39.2339805291444 27.237383862416387
65 910 0 0 0 -1.1596309817870316 -4.937129186797091 41.57968477662633 4.573377718540707 30.962044055050047 8.384163024162246 17.33980005579664 7.877408410928342 16.338065681104936 44.142700671265764 -2.7441995375653234 43.654695931768124 38.09714794659083 21.962275442520166 2.6152921520623353 7.244916502708125 -4.951396348356683 8.384488593207363 -9.137807824973757 -3.6426562629845725 4.797231991819823 -15.88597039194822 25.139009277550407 27.11515316184907 15.384985474929202 27.2823742187567 24.48158350195331 10.180551513377367 25.18923418086269 -6.36859534221919 38.37021869191862 26.092885655263622
66 924 0 0 0 -1.7123311762892048 -4.947698666699963 42.54546814307027 3.2226797527844013 30.143253240656364 6.358040595574826 20.15788949024289 7.874404452946751 16.1463842400422 44.97087817965019 -3.2704278912401565 44.31510741865077 40.74826743560246 22.408855284577374 3.4073499576436324 7.619873263898113 -4.088932783523184 8.169302867712734 -9.036307203562476 -1.0220479288531106 4.406816420728588 -14.42334870398338 25.642532679251268 28.426390245906195 13.074030589195385 26.59824315435094 25.578288729864223 9.558653770841723 24.78951070323279 -5.871086787640522 38.60760834080426 27.208222459551127
67 938 0 0 0 -1.42195722595508 -5.478434121416327 41.06544142332521 5.565658196646233 29.127793771619327 6.620109709327554 20.499813909475133 8.464472515247525 15.942437541371758 43.48175017236162 -2.7706968845342685 43.48899190913963 38.892218566173696 23.201052986561645 5.005467322514692 6.381568865619136 -5.829128944844881 8.153727382141536 -10.587082550542615 -1.3101228579504813 4.966720961304447 -15.229123430115488 25.143338638854022 28.217924080564746 13.432587084466197 26.08379154478811 26.289509026042115 8.102172105544456 23.703643997559258 -6.734193228306527 39.97005314306465 26.70319197466168
68 952 0 0 0 -0.20116419847855146 -5.234899601743697 40.320747889280625 6.90139633118924 28.659094208985127 8.593001977081505 22.790453166896334 6.550632397366087 14.896049403019793 43.714120087632104 -3.365684562507651 44.11024498620761 37.76413230275922 21.641961822532757 6.5377401202816845 4.725078274543692 -5.18951218385523 6.824978740857216 -9.807087781453067 -0.16288251188156389 4.925616771195615 -15.653445946461932 25.65263517652776 28.00380999292129 15.234005612310757 26.62291439235529 25.64825993336169 9.186631201928625 22.207567454817358 -5.835930987465037 40.413298649272626 26.604900126774833
69 966 0 0 0 0.8908340328201164 -4.938485993334786 42.49288378414431 7.228499787182967 29.65889327678784 9.975089269199186 24.16856185355061 7.309616531248891 14.427309192628964 44.75596203949742 -3.0833455037559667 42.41298850762908 37.5855134073596 22.034425933012347 7.030927324631674 4.406879419220843 -6.010435640959956 6.867861393406591 -8.918592329536642 0.6149404280600235 5.774660230787101 -15.338637412179583 25.020195405156123 27.386119406605182 13.299698712281856 26.48149983915274 26.467239341023017 7.569034397779092 22.617277205849042 -5.813654989113448 38.171044427545624 26.05962098473881
70 980 0 0 0 0.7871355998450378 -5.755054977445289 41.41525085641479 5.542621374225706 29.65494446085893 8.154823571278513 24.611747330528832 7.829441145307746 14.55834880099179 43.17810649889205 -3.3795292087481634 41.069812286163526 38.33404417160714 22.851529997981586 7.430770914528454 5.0604154847411476 -5.156827605313204 7.476955184382069 -8.171879860572806 1.3970597868861694 6.469765000201979 -14.327984931207796 25.381173132278033 28.039595896865478 13.05870505250712 27.41549220558793 27.5545475781731 8.496516140851838 22.383020013634326 -4.234030035384709 36.60795914260502 25.61735209337695
71 994 0 0 0 2.4522382764947124 -6.893046039992095 42.71306054405999 7.559483824073516 29.99591755782141 6.788258681206662 25.029087600259743 7.716643076311516 14.36758670114415 43.44385953835614 -3.0826255625885057 41.276805920525064 39.55991483351571 21.55616558689996 7.75531703367927 5.939894731602509 -5.604199681271597 7.785802727693553 -9.217224615046932 1.4702926655052457 7.8020794414134285 -14.996293907340934 23.959477773233274 27.379074953972648 12.57746443944908 25.387465216682184 29.788923699602925 7.236062371279127 24.119375391286475 -4.082860864124458 36.27095303998937 25.952030822841103
72 1008 0 0 0 3.926683512858595 -7.036209570600636 40.67143265426986 6.362277479615516 31.405082969687697 6.945742946433939 25.449816055660527 6.649760844040866 13.863545400166725 41.39360102585593 -3.063560912478295 40.8619856512277 39.70243957520266 21.68474648055105 8.09312748643394 6.035614884569861 -7.419902303847957 6.65838352074086 -8.448528160896261 1.4372468909555396 7.761611332042891 -14.931148555227205 24.05428784960418 27.253369311490076 11.581359009286352 23.57014618093783 31.063282453627085 7.18970618168863 23.49010277470073 -4.130093311889724 35.62471145405762 25.229804551820056
73 1022 0 0 0 3.471411254575806 -6.483310962933369 40.14914108107963 5.421678180674474 31.410994558951444 8.063574306436212 26.088124213665356 6.818802927170363 15.734231899903975 40.616895617276086 -2.9170119033718054 39.19260357737601 39.046414454985516 22.5744768224654 7.295519531154603 7.166357853737302 -5.951894208175173 7.794407897084643 -7.4955314128242865 3.0791415927530763 6.322100743491301 -13.975523873503326 24.3218577793652 27.44975586097061 10.867967686440807 24.613152963128694 30.65290649285821 6.229749760186482 24.0071267681175 -4.826102058317458 35.97650315346254 25.163714732109902
74 1036 0 0 0 3.785139001720983 -7.614257319454216 40.32561921200988 7.30740348984133 30.56094188431977 7.583446729978036 24.45357336606101 6.847178882472412 16.950193793309666 38.25807291566288 -3.0101712274929375 38.793504101255756 40.1157029369855 20.756784628284844 7.460022103030497 6.449367878272957 -6.025786461079288 7.259392404308812 -7.454001959825991 4.831260172336837 6.3409398882187755 -11.049012842759904 23.858512609496344 26.192588709358052 10.042290574359892 24.9360658036415 31.10157076710352 5.9761702935783045 25.834646498083295 -4.381850739275737 35.87925125147386 23.229637718210768
75 1050 0 0 0 4.617319870372616 -7.378938855332504 41.656274777320945 7.605250293851863 31.494012819250386 7.163326866787215 23.338434429273782 7.60488524749587 15.89029676248573 39.39100618328509 -2.71034630599113 38.684115821550414 40.19205978203959 21.405049344344455 7.344051918372117 6.434842248102983 -5.3180202884328915 6.642763300895439 -7.624333687166361 4.7812902384531455 6.236239656809294 -12.708465783853658 22.590397069733445 24.854116632544553 9.534379524985392 24.690242807694425 31.25069011036787 5.4837972061066305 25.13640736141229 -5.175874917658986 36.134601154050735 21.808175375013565
76 1064 0 0 0 4.159538723050509 -6.845579866336262 41.12235115672434 7.747433583710236 32.05448161981728 7.014541000183188 22.78509761145486 7.041522063123625 15.99539857182364 39.78251536245764 -4.347730394127128 38.31831790512388 40.621863380950174 22.313770588943065 7.741352192624515 6.7163742686089725 -6.2212206069080125 7.98189844021266 -6.579563673738893 4.262141169716485 5.97969908981902 -13.131365577409374 22.75906542669656 24.20867363988846 9.594974725438016 24.22789469979484 30.585331392438743 7.0298494748155855 26.218891788003507 -6.0986816692762655 36.63077137564376 20.794787315427783
77 1078 0 0 0 4.305401900070794 -6.543010010092754 40.12207585564846 7.7287977727411095 33.23346745305532 6.940093073491192 21.024346636243887 6.8367064918341205 15.529719277446063 38.824756865344376 -5.395676052907823 39.18002212413701 40.2818868804685 23.712925345273675 8.793584720008734 6.850683185995836 -6.885171114349751 6.003720592802009 -5.848131390881278 4.508561471782264 6.456790147665514 -12.691881512887807 23.51423681134479 23.28816672860983 9.542761195492607 23.658415377873375 30.204271393688586 6.617992607232092 25.690962198106035 -6.7709412328622705 37.11734980524874 24.056066054297137
78 1092 0 0 0 5.7695087921930375 -5.688203794443799 38.822997111959936 8.88879048208486 32.86456573361695 8.903134761119215 22.19189518610167 8.380447877901938 17.076925093082412 38.79853554188975 -4.416712587400494 38.44990792735694 38.25116558009259 24.864336389754676 9.436974473347062 6.367285450472451 -6.705435964525237 7.0261871586879225 -6.18848010661623 6.331020792156809 6.111226906370414 -12.31701833086002 24.120665863806348 23.048853818214987 7.587281799333069 23.494593368751016 30.844996574798536 5.319116301602184 26.01453434476131 -6.757626526926869 37.21878364286774 23.338692551133985
79 1106 0 0 0 5.530375969943446 -7.041824925469264 38.27669669971065 8.344170189966563 33.69998938114269 7.986505646041325 21.840592592001485 7.328498497046054 17.496861134318216 37.99111968213683 -3.999066080145864 39.49137271736722 36.7820396681892 24.656031334101353 8.615473817220085 7.78249738136091 -7.259204214750704 7.607476879516625 -5.6311691359014 6.241439849841673 6.52045937718545 -13.136145866513784 24.234133252701476 23.947679425549424 7.8088383499513565 23.887541337101755 30.53958469191215 3.853241768935499 25.12009016627688 -4.301307725111601 37.32808298063401 23.762974122681715
80 1120 0 0 0 4.691351878024886 -7.041212219096985 39.315594669172384 8.409180036922656 36.015241112391685 6.430189508227906 22.11609152073726 7.708742689079307 17.711829328465452 37.20971539647798 -3.99872567685002 39.86171210529984 38.00151649277908 23.272196458332548 7.709039192644834 6.594249314731618 -7.835139675748112 7.390752817460011 -5.4553829958797015 5.8964232239015235 6.802547673749986 -12.914080108598442 24.37499925745029 24.803102762753774 5.914702124726612 24.075634634035897 30.139294303489844 4.262866211071943 26.94836309583156 -2.6617091664272707 38.23813714418599 24.914122511503194
81 1134 0 0 0 5.473257596327285 -6.8621165794211985 40.524362651708124 7.522332034972607 37.02380718257572 6.558449152315839 22.725122526523595 7.937393004031804 17.048507450171755 38.345648047901825 -4.659960410053993 39.671270803114304 38.28447173883368 23.30515251180675 6.965168292195948 6.449635933896329 -7.903589451326761 8.432203241814857 -5.548028040979834 5.355445735442944 6.016702687780943 -12.452436151236009 24.181307765827622 25.56375694020877 6.154333283199497 23.686232865323422 27.871730052075318 2.867977693540779 26.180469170078375 -3.8529209475015733 39.459898115547546 24.942074340110004
82 1148 0 0 0 6.014373985368783 -6.7916695699292084 39.45614609474065 7.706604435919177 37.026358035635134 6.6509932143022 24.63231176974167 6.129553674958508 17.9016851478894 38.68609471602529 -4.852880056060531 41.651532697569316 39.250309572871366 22.223716924010716 7.192403203042708 8.213543802056401 -8.02073928807285 7.831044337354638 -5.932580842984831 4.674383835354418 5.717249812999969 -12.428667412023605 24.13460470221554 26.252409649677393 4.902941917940156 24.570661567308115 26.602712207714806 3.4998592677977296 25.562652512833754 -3.974649644785163 39.01712118994606 26.39562326299649
83 1162 0 0 0 5.184754023811791 -7.906438412552499 39.38305220872763 7.397547805962189 35.64002216350071 5.843500533900974 26.010006753853222 5.229287123941834 19.40583411346577 37.41907529782703 -4.232642140934281 40.568331644847234 38.80692175233382 22.03315654586685 8.10613188147117 7.957251077783954 -8.364553163715854 8.44275764472723 -7.791195365882433 4.699057200110846 5.877701997611349 -12.944351781420545 23.36631040939845 25.09162386126575 6.195364106018334 25.58894187436376 26.91805037935128 4.238548391138478 24.86565091950462 -4.741472575211356 38.44458775350081 26.336771107421086
84 1176 0 0 0 4.248315208953753 -6.469758757124283 38.70130135736972 7.977874497466452 35.056235089254 5.66320970574448 24.83289581707482 4.548889538174488 18.88439993226901 36.286074169789224 -3.650225744239257 39.14389136143666 39.477639020127164 21.382982810292315 7.167761794379638 7.648714042499539 -7.149567851081621 8.197077695750236 -6.919393073169154 3.3174003432306796 5.155599913673123 -12.36335936797415 22.945002554379617 24.84086536277348 6.09296763635879 25.295519913423433 25.822917200481946 5.6303301469530105 24.381327810114094 -3.755764803389589 37.7060556698994 25.571840629122253
85 1190 0 0 0 5.065544687106617 -6.754611960157091 38.687399229688666 9.028614402038071 35.71633028171147 4.76243867158384 23.86686958096968 3.8092745845930573 18.59516826760105 35.18322017824874 -4.808902170564468 38.99547742176763 37.994749381844194 21.620283258315336 7.451136205158128 6.141963630364151 -7.388058456331167 7.588710054598601 -5.037871882609354 4.081499003695079 4.9130152484881275 -11.406728734325554 23.670347243476506 24.795651882038694 5.644860948961333 24.432944215622445 26.93667553722426 6.706821362350868 24.918837419925485 -3.754661699266643 37.10697017276038 24.21175726663953
86 1204 0 0 0 5.730766911083446 -6.70176656023692 38.54694197695964 9.048143107207599 35.62376889009991 4.461316892453276 23.830283618261795 5.128594772471789 18.77069674653843 35.40161994154907 -4.486013523541727 40.67269291555621 37.537112080733316 22.10207315249983 6.87006970970856 6.658953201382648 -7.2225431454783005 7.465901807765512 -5.866878477720895 4.478763123900637 4.778773397993432 -10.602256637507535 24.599823474052716 24.592690195152038 6.595596423647955 24.500223029965582 26.214708370410364 6.350761637954713 24.82372954490148 -3.66691158732227 36.597654616178765 25.232978899700118
87 1218 0 0 0 5.164657571188924 -6.395397685866151 38.134047254246106 8.522304367684743 35.79044991687919 4.48946161415469 23.819665955858266 5.857727204796187 18.703084374880188 35.31565204813452 -5.23590030381152 39.87961804150504 37.814719510231356 22.367551062594288 4.637183270811304 7.10600622370338 -6.782677099132137 7.352004665616036 -6.099096562065618 4.250949548850156 5.217534511671594 -10.585555486079295 23.883969764127446 24.687394075825942 6.761459880105453 23.74270233288095 25.498227550088345 5.634397735698741 24.7780097320033 -3.7795911838850738 37.04347512391017 25.369458945420444
88 1232 0 0 0 5.871945764442889 -6.214582500361906 39.49010335690813 7.3346527559117956 35.6737720263307 4.869778500259994 23.37638228533634 6.351839978077005 19.72616938119784 36.28118914693125 -6.05026829675716 38.39549613521757 38.13738389292788 22.408607007180336 4.316595192687538 8.192585847517217 -6.592909947697357 7.967372970253599 -7.1761928637890815 4.615489437148296 4.773891637474038 -9.551483406189574 23.591786627521184 25.656300761878907 6.424365643664139 23.396290105275913 25.485943026911045 5.840904784783227 25.06879130739905 -4.416896185377349 36.81424181945521 24.62485443773419
89 1246 0 0 0 7.186286439963314 -7.025771886172602 39.021116291184356 7.3909824836985605 36.893102243587684 5.0339704484226315 24.4343979230801 6.421612813491568 21.84064713161933 35.38005458905787 -5.789498818900113 38.77072386484247 37.66602895446189 22.85702422258944 5.011037143083878 8.061311156577155 -5.502323718767763 8.270837047610737 -7.278439709929265 6.216441789625121 5.0922995630386145 -9.50961940067265 23.71437505528894 26.099894460986395 7.191917381856734 25.020657552393974 25.929837445249966 6.013091002813287 25.32434675408818 -4.776298524005568 36.88745133566006 24.03005675982941
90 1260 0 0 0 7.1015807811375735 -7.223553395125068 40.01849841357757 7.693515882498138 36.28881935229337 5.072857921092493 24.57907570894496 7.081250993462129 22.84637721758247 35.48923652280739 -5.238287209976886 38.30109363599054 37.762597905465675 22.678411631640603 5.611870531086099 7.851261841816788 -4.937519600952765 7.718889178193408 -7.046443763890389 7.261083415871368 4.369356397149885 -9.528091359402541 22.79847570177089 26.18379328910604 6.810464393824305 23.745978517792793 25.517454973005556 6.249095760806998 25.396197110285943 -5.22191815961294 37.03060571436046 23.46407987465601
91 1274 0 0 0 5.582445594843247 -7.963278825976822 39.56743848246039 7.869952606459161 35.65843686881248 5.094623102172746 24.383160294201183 6.951197274875337 23.071706651067586 36.11255932486524 -5.221132478159382 39.45545408857546 37.87956365632207 22.435895308429156 6.484973851905651 7.7923750935147025 -4.869326133779765 7.809017954008464 -8.135113805626283 7.489996570409406 4.307123112630601 -9.500446827136116 23.355134379536143 26.081486774335453 6.485308126831098 23.471777787405195 25.54924396610895 6.7458492514439 26.12757147244192 -4.8402706273441405 37.35545399163441 22.227435269036768
92 1288 0 0 0 5.571158079142611 -7.486204889824027 39.7957975895815 7.736805614635447 35.8037089378782 6.3652342433357045 24.713887251755835 6.877093741263947 23.95073470346971 36.08157933002545 -5.579136101327253 38.83696973114675 39.090636973389216 23.064841599245618 5.151056391911078 7.799227953398379 -4.56012548485008 6.701771439342303 -8.627265037200063 7.602827064497722 4.834930219317399 -9.143978875367413 23.438616399038807 26.490947415990856 7.3842369298239126 23.41456080148412 24.576161990504787 6.656869968479109 25.773991049176296 -6.014306490166044 36.64188646643458 22.832369272673684
93 1302 0 0 0 4.547548875580584 -6.892356199946606 40.141228287761166 7.838012301749715 35.67464924521063 5.322512101085215 25.197365805406964 7.139962196986922 24.203272677321042 36.55981508371865 -5.821791260066814 39.10046890282519 39.439936668544235 23.487456367857174 5.122510792855717 6.614195094729695 -4.488589930515629 6.358954595898014 -8.33571042871018 8.058971854067973 5.565272011476858 -9.016542634263303 23.14918936536804 26.44531819977904 6.641972178047897 22.5168766724562 24.8222091623659 6.191024519505193 25.703199726614685 -5.708180380046281 36.369701796244854 23.72354372177016
94 1316 0 0 0 4.958186816872165 -5.691938872532517 39.95292576718943 8.193172943391232 36.31438501513848 4.790611935032814 25.054060464544992 5.564688402762567 24.39326056748653 35.85811818747672 -6.0520482313931625 38.99470440065613 39.71414373068079 23.144074052309627 5.990039715447888 6.76019431812072 -5.024813002292172 6.321386231127631 -8.61594508180388 8.23249950171837 5.099541838178704 -8.95318926578719 22.487868445730612 26.832563781952302 7.2418501619927005 22.213098158051018 25.772243581434356 5.605485310308004 24.783075898359748 -4.645440073618009 36.44924550679491 22.952066317416453
95 1330 0 0 0 4.488337705128031 -6.141296376435925 40.77849407769401 7.602612707895582 35.51862654302384 4.497162277370861 24.76504288792271 5.965268411379671 24.31947666109738 36.41347352016387 -5.9076221803727105 39.745760119756596 38.77074257902192 22.107499321626783 5.976348777413036 7.157270404914183 -5.821126250563016 6.66601135416715 -7.932511002649942 7.8726109001582545 5.050880622580554 -9.295167451733866 22.66877903904994 25.996209872531512 7.497203734568924 21.849777582940458 25.65765976293571 5.899275844582814 24.731958937785564 -4.3238858098711 37.03250774661598 22.666999264265154
96 1344 0 0 0 3.9247068570679686 -5.798980849807498 40.44056835446675 7.921546514050585 36.30996997062467 4.644739897436965 24.867580996969785 6.152808236499702 23.521201315289815 37.31409703409524 -6.51391252074957 39.02147745604379 38.69661069726704 22.451600919834977 5.189015170264107 7.177259170199606 -5.925288914506438 6.049805283344285 -8.336124694215439 8.059668482220985 5.393235167527319 -10.287036496041651 23.230969337915813 25.82610822094421 6.99638977894813 21.436252901882597 25.2439931047477 5.488714818996075 25.64649957415606 -4.9094614273909505 37.541580173713214 22.22377296606696
97 1358 0 0 0 4.62831000965816 -5.24096232559598 39.86864568116481 8.255485511874632 36.57621307737121 5.974853783994166 25.208713738430784 6.5638152531383795 24.07552257400059 36.577326821952695 -6.40652946286684 38.73083690321974 38.51437787158018 22.434825344548145 5.915545317101159 7.256563028314492 -6.103131224849229 6.412066205467619 -8.620119766968962 7.9519055414818975 5.3519832177489315 -9.836413620975557 23.22448562340382 25.300101331314657 7.583841296400679 21.735891104858396 25.46570474115789 5.831227095855356 25.608990610638653 -4.07272339294478 38.014794798559315 23.182160556292363
98 1372 0 0 0 4.685035279962962 -5.81998298496174 38.83764566137238 8.416113486233023 35.83424478458884 5.764132197871781 24.857634517738376 6.556528776651199 23.40480816883731 36.43722877199215 -6.343708617305297 38.44512261899619 38.81067598231997 22.966551625926748 6.286171909769394 6.905466499586419 -5.693400441277718 7.047267076613444 -8.174901170792868 7.0041780606506086 5.711089640600715 -9.677845101871048 23.43432114818201 26.063292831889804 7.718566338517469 21.873514337642458 24.94156404589524 5.931810637446812 25.337264464450747 -4.107853703109453 37.565787417530046 23.671238913940627
99 1386 0 0 0 4.429310177284686 -5.165587338898577 39.16055913894456 7.930862586084936 36.36594535199569 6.3222701318435295 25.1192877316398 7.084685011110333 22.839816695741135 37.36381838248435 -6.2959754837292445 39.11627182366739 39.55803660221619 23.067673917573533 6.2302418627272225 7.010870288260327 -5.7597762755286785 7.599580908295414 -7.773081546826384 6.502131034629382 4.843441840567552 -9.219705950922544 22.938650334726283 26.3388333328619 8.08699714902226 22.715250203532896 25.195243743654228 6.398091712022829 25.308827798718465 -4.083135362585147 37.82502196752757 23.59799622755347
100 1400 0 0 0 5.034970599448502 -4.814468578336356 39.17149949496572 8.162314856465187 36.18591785833725 6.022163852790142 26.13629222447313 6.619461311603137 23.875843549880265 36.647385636159704 -5.612713539088283 37.67444606895668 39.292758701927355 23.82527883778 6.161942346391511 7.507279133746087 -5.953141987620152 8.012700358253925 -7.168826826339051 6.1719832771542285 4.920982337011104 -9.042227339941705 22.929923029816564 26.146527654750443 7.826644653750101 22.81974777921344 24.588168736033694 5.335764011532293 25.806819522494713 -3.669421802062628 36.82894359310612 23.18921163968161
101 1414 0 0 0 5.087032481361403 -5.46040464610228 39.110755276274055 8.18970430759619 35.929300116964946 6.23663741657996 25.603333099439 6.630843102351339 24.68599796631736 37.9620484387679 -5.200290661273709 38.28048261537288 39.29121166324888 23.446461748063463 5.921558525256374 7.88165435260752 -6.164293963238079 7.9406911737983865 -7.32811923874275 6.463219398596847 5.162027404382914 -8.68611920270519 22.54689222423166 25.886776670360856 8.222493630095112 22.485692823448794 24.864479663378383 6.087714726107404 25.49202409885517 -4.287103823525086 37.348466307434876 23.553625329348986
102 1428 0 0 0 4.339863130154744 -5.263180204114501 39.227911523812 8.123093724015623 35.82219917793505 5.948031302941768 25.556465938338608 6.522296061567111 23.967787022715914 37.95041931543822 -5.431741589310313 38.099837945680626 39.70355689427897 24.365019682862016 6.133073797882183 7.628004235475002 -5.470151271872525 7.832827631254304 -6.801884131593511 6.430804300331421 5.592914900484947 -8.109850572734446 22.93584037401192 26.14256966134972 7.318229588547031 22.857150823226192 25.345875051535565 6.22721740784747 25.119204741731085 -4.087492372329527 37.82770075508697 23.214332440890356
103 1442 0 0 0 4.944386635151098 -5.1702332779866635 38.980056238161666 7.818353741674338 35.70261311255815 6.237823866620161 25.998736848347697 6.804109495322924 23.90619513558925 37.255701329572396 -5.751007495428946 37.76763098257192 39.58472862722587 24.132550160428913 6.76120806548941 7.750702501902585 -5.883457079147387 8.100342652480444 -7.177643003904886 6.806549959860796 5.2007845576743605 -8.182187145221672 22.933972385731334 26.18476609818793 6.920653678807043 22.11398021404643 24.62692749985308 6.753762351118431 24.62260060251411 -4.084763066307041 37.702137012226274 23.652919473638676
104 1456 0 0 0 5.019822919105843 -5.219858903819979 38.65089253870467 7.817329650243172 35.946472354073414 6.120560821316982 26.095717554224873 7.483283665002239 24.610407444976367 35.896345706769225 -6.421150953983846 37.72457530990735 39.69411284205901 24.403694191640827 6.425094140439099 6.81262672887463 -5.632572328040586 8.20174981918583 -7.334118814524091 7.520591828307538 5.2118480424410745 -7.903585049291571 23.13114280943053 26.572466283504383 6.743556876331322 23.009217989723275 25.124332154347158 6.952104398527701 24.795488969983065 -3.9347163617208687 38.035944635973735 23.726882481325628
105 1470 0 0 0 4.64445212917923 -5.611066915874166 38.4403273161593 7.140393257586856 36.80097733576424 6.941490414078761 26.47757492500199 7.974553227271053 24.99055615239941 35.947966893532886 -6.656580753379979 38.97199681055876 39.453161450998614 24.21402824698295 5.717946352076642 6.634584997908647 -5.889199623701293 7.468090395079494 -7.404982259153992 6.767733272693008 5.409713408826478 -7.605813229322855 22.913507224547775 26.765054326743076 6.60953550542342 23.471062796940274 25.61722414657681 6.800040159841592 24.36281917368907 -4.504633443124858 37.80880680768851 23.807945212680895
106 1484 0 0 0 5.104879496901397 -5.608373973827005 39.427124593775375 7.490978181081983 36.63447965698631 7.1863152373412476 26.362565875161568 7.689873021844631 25.083925116748425 36.67109068008557 -6.682769446966697 38.9130482051051 39.47335788298124 24.56181914669324 5.57837202972881 6.635272449015297 -6.241655017720958 7.275438097575832 -7.517517372690414 6.357738036402108 5.639370772628965 -8.058523372800757 22.983217372599736 26.978918499800354 6.830479293906148 23.52119651604867 26.002075144149863 6.471891259936501 24.085471842673346 -4.641608276012359 38.36478094596884 23.95395709957123
107 1498 0 0 0 4.979423444846596 -5.393884946594068 38.80364846944085 7.489103285294461 36.84809365139574 7.380089868621259 26.33837886492231 8.209035128506002 24.803995823829997 36.67045766398461 -6.801735847239195 39.389539110283906 39.75687693618424 24.640906252243134 5.560014171028407 6.923433001570563 -6.365889049057294 7.496101211626219 -6.702716978930223 6.194525482466124 5.510951524048857 -8.056910498067563 23.063220397076996 26.416357082926893 7.421167541047325 24.131250086053587 26.125994031380888 6.4753799165509776 24.47464185522372 -5.04896067476774 38.654940498459496 24.31254674699305
108 1512 0 0 0 5.075495382059982 -5.9188970411309265 38.7554342286721 7.577165000430322 36.73347063840432 7.917448933566784 26.256443479140163 8.139769936761711 25.050504851642973 37.1739401617166 -7.000169082646356 39.44590461536389 39.67355500284298 24.412652871398436 4.882776316269427 6.825953973900204 -6.50072254745114 7.548513450818206 -7.75743541726319 5.890192987734527 5.384705795634671 -7.434062597261001 23.088069375708727 26.43258638528881 7.9469276567104075 24.01811536052474 26.144360735880316 6.324750752553799 24.451162794775648 -4.939294263990272 38.31494491199768 24.11652934506914
109 1526 0 0 0 5.073309756115968 -5.831704586709414 38.80137779711058 7.8675066494549055 36.450207907978104 7.716114957831679 26.16829412600277 8.036412661461357 25.151625315151986 37.4883652033578 -6.477077289633437 39.748457284897455 39.04245025291613 24.589405389941252 5.24825625381699 7.108740002054562 -6.594134344686977 7.792518671566737 -8.16433295221894 5.882544817212803 5.081959241949696 -7.895888444923062 22.688956704300303 26.36788436381179 7.975168957915737 23.81823621974291 26.07200062916954 6.7261733770726115 24.212954265056087 -5.292304573031243 37.849822763217716 24.731945781333614
110 1540 0 0 0 5.376888401351938 -5.811445683488934 38.152131107373776 8.024997189139908 37.00320182952544 7.872631321413838 25.994235797638588 8.39425870836297 24.98790434021479 37.11953177493721 -6.683850125260682 39.715703848908184 38.55659030103182 24.4386209136031 5.68680438066857 7.596226068614334 -6.908616943512152 8.010317567646938 -7.968410776379813 5.6900554782299775 4.892507450057966 -8.378812006731883 22.554865169200717 26.304015062588356 7.306751373452704 23.485088338750256 25.822678645254527 6.674126604180012 24.276370815198348 -5.245809760742239 37.956694716302835 25.025767807083795
111 1554 0 0 0 5.279998073565439 -6.302688818035434 38.44671942688057 7.788959293688791 37.09927699607565 7.3454256202687525 26.156633813921992 7.9502569302572645 25.068440058579903 37.485524927066116 -6.830339002307547 39.8851376792412 38.713924589948164 24.480378628803017 5.396024013630352 7.4263650438619075 -6.448115250312938 8.006297184294722 -7.9835591588038595 5.933814778509783 4.981904143141313 -8.733671332223908 22.80400410084785 25.69507998651021 6.569089894158846 23.45904203837818 25.958376717746916 6.730576170987346 24.61915672317361 -5.44047032838506 38.34168445901486 24.755370719774092
112 1568 0 0 0 5.628821598721314 -6.928762166554979 38.38913209748283 7.811834284303533 37.291341222840565 7.289390044527615 26.699601750462385 8.423212703085763 25.394436597876332 36.78343477548085 -6.7710758596057765 39.47428130006403 39.32774721535621 25.408410122423636 5.671055390065269 7.798442705947426 -5.768769599484276 7.810360378223156 -8.003638070666026 6.07482348817995 5.106866510257349 -8.694850325001182 22.827811256222624 25.788974216972242 6.9816350924082595 23.685042047739397 25.51709126200122 6.287265827623354 24.624686880876805 -5.644058078472944 38.27399551156426 24.984687764099505
113 1582 0 0 0 5.858330724483812 -6.978352434349658 38.26556759529599 7.954164052414912 37.32596461973772 7.303096384792334 26.64187671023242 7.977711576434229 25.601175621933066 36.53732805851331 -6.908141830041241 39.75274273475301 39.01887688936356 25.229825736371293 5.582677058672087 7.86294778728437 -5.517119224396709 8.14688263385956 -7.906710620758643 6.210198464678523 5.318932403424057 -8.73407278492473 23.059300142463965 25.697667832752774 7.035895157508041 23.37700735220984 25.367387432271453 6.819430330997272 24.163658561412177 -5.611032477116737 38.306507590718425 25.08990664218169
114 1596 0 0 0 6.061598759535356 -7.016520867018327 38.200086058838565 7.400488391627726 36.96904772026719 7.501488942829604 26.903320882254636 8.31281471522449 25.663015566769598 36.99253623418577 -6.694642031580002 39.499362068759545 38.98437714535236 25.543255801769842 5.349752839918348 8.223395275027572 -5.690415838494882 8.538134981082548 -7.941458844602884 5.84620694550004 4.846926179388992 -8.841954826813499 23.268613276893788 25.55704198403304 6.719339691809063 23.544036473475835 24.917083063228286 6.367374493255195 24.080882221276546 -5.932524551994155 38.687020661648795 25.217665122792816
115 1610 0 0 0 6.0006773312835495 -6.59364562034382 38.469712864741176 7.411367242199489 37.03067525595417 7.782627581381717 27.05861603402224 8.281559337596558 25.56179859790744 37.12424319987804 -6.429868370113247 39.85055612685731 38.524476174024684 25.59134811179923 5.1547258861249725 7.8416462420461315 -5.974552374847945 8.542708466836448 -7.701921165525656 5.850429668813934 5.52714258272728 -8.283825227497138 23.429750937167967 25.692621702402143 6.8157819895183245 23.246204328466522 25.305576543896652 6.605989839081896 24.182260197268292 -5.736203306781569 38.79604401585508 25.235888295055652
116 1624 0 0 0 5.815657733085747 -6.857528768483554 38.750596515874555 7.31742896936545 36.6342639613169 7.576020871675415 26.729725270501525 8.205531156794851 25.54345388152361 36.97097599295446 -6.273151416772164 39.515919270895154 38.82514938107667 25.48641687851624 5.275659302808748 8.173442281647125 -5.426262761276234 8.658089357222696 -7.689521780684119 5.709815900287624 5.3689931185874515 -8.205960272805184 23.362912013443687 25.583552088759554 6.785358706872075 23.332331351307637 25.165446791175114 6.3382583171037545 24.15803166482145 -5.127974493547459 38.84257871109051 24.752607415804565
117 1638 0 0 0 5.644346643936177 -6.485840002314307 38.595092561232214 6.989047800729061 36.66789043446813 7.078852363973899 26.547521700747424 8.224449629934483 25.214658171331852 37.459568456405734 -6.283424599041433 39.86544215916645 39.20522514366777 25.23634225683122 4.866309990874777 7.9858762122016556 -5.912408891279711 8.139837111089069 -7.788373417221616 5.986783278416358 5.595620682120971 -8.192559174911374 23.41675657807281 25.756673364348543 6.825790920064054 23.399787207981028 25.18885795885744 6.328415151892789 23.82623246289998 -5.070630559738438 38.859080727636766 25.04701469517047
118 1652 0 0 0 5.938489439534561 -6.2431971592010225 38.61841961986441 6.962402083646273 36.70129419196493 7.2030894232651494 26.451178524607624 8.37838857303502 24.831677941896032 37.26229410605184 -6.336147685845525 39.82316288755961 39.30487529214374 24.815901269952132 5.288930030464502 7.538398338311447 -6.057684252185889 7.668104968358994 -7.808999413354487 6.601441284676339 5.879885505956527 -8.206489695863898 23.564453159599257 25.881224246725793 6.312012792730878 23.731849209306663 25.21412602392323 6.123891283027301 24.240861214038098 -5.160175469555982 39.14911073475852 24.868966338495113
119 1666 0 0 0 5.499663170591143 -6.158160686289882 38.29806762966982 6.2939538017292325 36.94943357973936 7.363604278695326 26.220713062335893 8.210404508082775 24.88460412792553 37.13013673900947 -6.640837903055683 39.707631883004176 39.59115245838369 24.47274454516698 5.26261084629292 7.350357035451324 -5.582201975603025 7.89685277137164 -7.509178853216394 6.643285182649439 5.954770366361212 -8.096860698315407 23.28422496581211 25.625750442370876 6.086381677278187 23.758667105112114 25.540787720484204 6.196504924260749 24.0709425067035 -5.029849707423372 39.041861531365264 25.067690066400935
120 1680 0 0 0 5.839101800248961 -6.032432276802949 38.25901210738111 6.552945860831114 36.88164805667873 7.392291660881015 26.024559257209052 7.8537749505282655 25.016328074143807 37.34435383402162 -6.632478045546212 39.41646703171059 39.807413303759546 24.586039767394645 5.327314541827401 7.208579720667433 -5.575196903237082 8.243509182186624 -7.270991197490255 6.382944643053259 5.964409707742474 -8.35158961294909 23.29043247054812 25.309911843998318 6.4126514821482585 23.741392007358716 25.68668565096502 6.7229279927456735 23.94089680442003 -5.229122122176934 38.85568655133132 24.648542470478436
120 1680 0 0 0 5.839101800248961 -6.032432276802949 38.25901210738111 6.552945860831114 36.88164805667873 7.392291660881015 26.024559257209052 7.8537749505282655 25.016328074143807 37.34435383402162 -6.632478045546212 39.41646703171059 39.807413303759546 24.586039767394645 5.327314541827401 7.208579720667433 -5.575196903237082 8.243509182186624 -7.270991197490255 6.382944643053259 5.964409707742474 -8.35158961294909 23.29043247054812 25.309911843998318 6.4126514821482585 23.741392007358716 25.68668565096502 6.7229279927456735 23.94089680442003 -5.229122122176934 38.85568655133132 24.648542470478436
