% # columns="iter, evals, sigma, 0, fitness, xbest" seed=91562, Sun Jun 21 09:08:42 2026, <python>{}</python>
1 14 3.4635644189365653 0 10.833349379785913 12.141939805270425 13.408595963837143 14.372275755097682 11.163075829355762 14.186942117358306 11.75139316118361 11.631723235787877 11.54725705894532 8.611558304059514 14.820135860162363 12.009350468716615 8.330498035618808 14.908824024888919 12.387111435334177 14.533093511839906 12.522442003730864 12.27689931610607 12.07025057910862 12.18778530348931 10.94754576926297 14.814741408507308 14.979199239167663 14.999995455791924 14.990630781594353 11.970788391930604 11.609622345548992 13.903999081933332 8.428398799799616 13.695842809005518 11.191253597310059 14.994900673331763 13.49193598054142
2 28 3.2908914489032877 0 1.6939425035148488 9.496994966408488 11.61559969256836 13.49748183247868 14.530060777660099 12.887558134536373 13.142883453142531 9.077785797903053 12.815598385807213 14.312707260474781 14.838145234593771 5.269114259537782 14.872989630699598 14.999538764818482 10.38879125455232 14.62209280969978 14.448420302416311 10.411375592732925 11.542062591124822 14.997697197436048 6.106456361035852 14.95165792941475 14.550030127370416 14.554648598118492 12.62666194307755 14.846423357476889 13.351707396244537 14.76027074027711 11.780225204621194 14.737752785912829 14.928219361194296 13.62096617751505 14.718902299051743
3 42 3.2140911088440016 0 11.616963213367672 13.892171420297437 10.155491617143001 11.08820870326765 13.161325810093789 6.773795072351556 11.681014179994376 14.240686848164756 14.393028106839424 14.96666589103916 10.951632795639181 9.289045138470698 13.221774921875753 14.095048923333358 13.274852770410618 14.667790898463972 13.720904575752861 11.098957738935331 14.68116045538639 13.25755272977074 10.932437237933502 13.46907761423008 11.30153921745031 13.25359593739607 11.788164635878722 10.793035886102828 13.766008352582434 14.772968490111163 9.03072015925637 14.648811327012236 10.619320999328405 14.272259052728582 9.498279089791268
4 56 3.090605366174371 0 6.468681468072544 12.302270496649644 12.681142383501694 14.950643688065506 13.96736266103444 13.68874892149039 14.774164955289882 14.993254469572848 13.916117841670346 13.721906975949974 14.936758309060114 12.890060175354392 12.342837941162287 10.498593256583074 12.765774387381779 12.666117474863647 14.989650114131946 14.982136620205623 12.145960799819914 14.468338823638346 12.01543687681393 14.705728109959281 14.611890131310627 10.881771873301268 13.951608718161356 11.061852417166268 13.181281842113112 13.286498436300716 8.542064415187676 13.471350997589056 14.079497382738477 14.929281740758393 12.33202928193775
5 70 3.0132563359098743 0 15.184379256898628 11.883248682500188 13.846740040907063 12.187019477356161 11.971988190042877 4.489297239063239 13.636337927118142 13.813608741837461 13.609598615049254 14.986452468635903 12.019058592821928 8.660518049856783 9.75302736165509 13.560174479702471 12.411657999586135 12.26978088851548 14.912780971861267 13.600855772087032 13.996126401009 13.674569009972533 14.051571472796386 14.811488614289972 13.878774232616356 14.998639433315503 8.453890903017015 13.20569586335202 14.638764681028428 11.35902670871037 4.875210023894564 12.306814825030735 11.075280810000798 14.998528474428282 8.928571750389935
6 84 3.0140701438704935 0 8.347596564809342 8.943605736629088 9.805584226049836 14.377565640819684 6.820900494182284 6.578299901827828 13.624198017915752 14.092957818244159 14.107522312137263 14.503978338464865 14.964153620055336 12.739418004331098 14.792699277715672 14.902497413053284 14.992395706341448 10.13907088433074 14.230434014887667 11.165326948108952 14.144203849374428 13.561079786867538 12.318693208708737 11.41079336631888 10.476591481462936 14.071734611377742 6.670951611925405 3.2021078429943444 14.999993611342227 14.838694751025342 11.248371928679095 14.213805033934896 14.99273876892694 14.644362427962738 3.2668389088165757
7 98 2.9558000577266283 0 14.262571169025726 7.163135624724018 13.109994850921225 13.447923257846341 7.3341178669549105 11.58561730755084 10.659022159486483 13.170816950448229 14.75242580197463 13.627638312606535 8.569765753026672 9.767888475996605 14.628099543929237 14.95919437831223 14.741097634886362 5.4703860136718285 14.998134580304733 10.200620656162105 14.364513960559178 12.714264465818934 14.790984895058221 9.599080532864058 10.827465704489846 14.998155336814914 14.681802886347697 11.613733052392718 14.9999998590936 14.956067764626665 9.66615263339171 14.94266741710274 14.947971935408312 13.678419745097612 11.168839523453155
8 112 3.0147570192149815 0 9.125002236660206 11.85439192717786 3.2447354978697307 13.868890316718014 11.717763972102158 6.747475922767032 13.422457489225025 11.156524387731679 12.9488138350065 11.940792071869476 7.6468774682514 9.128585646365845 8.079512752836294 14.159962490915925 13.86461533127995 6.37991985918511 14.80477350548129 11.856368200468223 14.788488607581563 10.282960731070592 14.967757095321199 9.285150135989579 13.36954019191673 11.049187410498039 3.737804239497942 9.970794535809592 8.24621521342194 14.618540239935719 8.745775259333687 14.963706070599484 14.935142461253333 14.851182060818402 8.717657796475365
9 126 3.057937557104687 0 5.9032534292329615 7.562649435673917 10.65814011867805 11.267721250385794 11.702498538064564 11.768949462039217 12.473415166241338 12.52847274995535 12.476730271717717 14.466090216186087 5.528253658760425 9.576126242712506 10.118533643095521 12.349835636464324 7.300360606856307 4.98980442214514 11.435136031861017 14.562039728066864 14.66138095931841 13.155540976097033 14.48397512941132 10.224512222087133 13.186938778548388 13.216880914243202 9.516957073956767 11.753457725004706 13.127693479469063 14.267011571074855 6.375453342158151 14.967498285869997 13.001905439614418 11.362842499667465 6.6306684926683435
10 140 3.166972999088977 0 6.996847553350411 5.168175777308232 9.457916604350492 14.95950334669127 10.612460009240651 6.187591320335356 12.23725358018471 14.862036442294027 7.327807001575474 13.404857495545794 2.0217182110517147 8.719322536695067 10.565565795014273 12.3731198104858 10.907168922123375 0.44237330998720203 14.941442443801833 13.12388317573319 10.484464797206176 14.106415782086403 13.850612324027978 14.808049512294911 10.804036230864181 12.268073319246412 10.178127907708536 12.996613202225507 9.620690855832912 13.038368415992407 8.01485262321903 12.712734839110688 13.222902030300551 8.360230872666754 11.943522762754007
11 154 3.2380222330868995 0 3.4539951718862527 3.9557034353051415 4.292487615064564 14.893819670713755 12.416926595435886 8.781061638499473 14.392225844488511 11.910197637658428 12.323537390296686 14.961828058632967 9.624709492213206 5.853990277364134 6.274458791930821 9.004358741579814 13.40919998328765 5.007854953810154 12.892065595137336 11.798403695142618 12.899326755047621 13.40847941087136 14.286124269690559 14.696185945232351 10.336092006220248 6.954010696989473 7.0657854623049 12.316116110666549 8.554536013255628 13.316482482743687 8.040688994777328 11.60530364784663 12.423218210598689 11.677832032968446 6.056198093576443
12 168 3.4249767628792265 0 5.030850622318123 6.574910589611064 10.101024196467822 10.539969317315805 14.854118612341992 14.959874844607643 14.829530183142605 3.485852870804246 6.42114416361685 10.120896286928527 1.3416988737836077 5.281020599225613 12.790531569293194 13.940376056493289 9.166535677637055 1.7100433950100888 11.903366242308383 13.116296962185414 12.760715552019128 13.449444822480295 14.923747078237533 9.433450083088957 12.718170460906745 11.648543429789363 12.098671036769613 7.170348994568206 9.026754684867747 5.777790854114631 7.7175928537170115 9.970481552700868 6.444477483348442 7.015525477422679 2.2340045316057218
13 182 3.537611592921281 0 10.5331301394618 0.03858028156969857 5.844432881034489 6.699396343315927 14.659471563976897 7.701900726023531 10.852310474159143 10.109132258475466 12.312195612070479 10.536188079101342 7.28355756114369 7.8615076206840016 12.338229257743986 9.069843168137163 14.98430905080403 2.411776703071138 14.770665420585173 10.995970998648364 13.383165674960829 13.981229450467215 13.743646097491308 13.198176078158745 7.231400101101612 4.123143777130453 6.8727280424120085 11.577783285151618 8.446399988284714 13.24365434806245 3.882131195151426 14.77675632477697 7.271108072190877 13.583419794704103 1.149269303192797
14 196 3.6146889697125086 0 6.672954564144103 0.9347614306516223 5.229028827299922 7.581098984195972 14.141978812092823 9.271613359326757 14.999247234569548 12.613903234956098 8.16470121973136 13.039167010437781 8.716515686960076 5.620704065654067 14.655373657976115 14.56511434442075 14.524615609124359 0.9119863103336654 13.129884998594326 6.341009107445703 12.686092417296168 9.584370159399967 14.099452705992185 8.702430232260983 9.083154578213904 14.236776848892184 9.352973694319239 14.997505481314914 8.832146783178349 2.3693563169738407 6.785557993866005 14.97926589048703 6.99355680996755 6.477593605538255 6.270081271863264
15 210 3.7023109313749054 0 -1.4585323765524674 2.875179499476366 8.861859376030981 3.312204652142599 14.987907090739954 8.711522452555162 14.735554358705153 14.765319841569372 8.314539651644605 14.92281507936327 10.958887527055175 0.400196083228869 14.962807807579106 10.347035981977967 12.00242461600527 1.5821547044845126 8.393815478177526 0.20377174429115075 5.681383527174255 10.825117102322436 13.785772321562458 9.851891424893328 9.316928112017989 8.112483889060396 8.317006365100319 14.17363065163832 3.2118998629731 14.498850409773254 3.701240801691707 10.633513868777015 6.472786627503728 6.911823772781135 1.5282858262614254
16 224 3.8822267604134226 0 -0.2830556631963539 0.762913180402744 8.02540288848747 8.31943479927083 12.001340852081496 7.3700617285874745 14.899209791661752 11.382863585605875 7.59689458400085 13.218116598532259 3.6683434992560127 3.4211033690074313 11.25076288439626 11.419851431126098 11.557093109158643 0.4585284919172863 11.548803861260247 6.042357567369256 11.122328827831172 1.2807280290048784 14.97992587667513 12.694545615988714 9.465113244962676 4.961373860653273 5.628577730252362 7.832197183871914 6.131566792327085 14.839208548290653 5.290976397382793 13.971109402647762 6.05255914047728 3.0594548572402704 1.99742056559991
17 238 3.9304254463610877 0 -0.3033883593661377 2.626948858048335 12.077941585635639 8.212895138027942 14.478450123947583 10.543984431724457 14.298697184490642 12.449386779533473 10.465285992866239 13.166152947835528 10.095064198545284 6.283568516421146 13.150415741874774 9.985377964315028 9.671892945454182 5.877402405983307 11.658574742573444 4.77226980685894 9.956871881871084 9.2284637689296 14.77004441408736 11.256124166587066 11.381948622698006 7.802281878649236 1.6751001337339062 13.349181916581934 0.18968163753493317 12.872612614341705 13.396617140423142 13.135717451678829 9.648728250532866 5.386397088656887 3.689602444093344
18 252 3.9518938131221777 0 2.3062110260827318 5.563036299901139 8.3282926562277 2.2630282214366115 14.19792849723866 9.556750330225402 14.403423383588258 11.296075944235433 9.879121440097641 11.740222953778854 3.732069373654502 9.01791670018427 5.577972478748707 12.346877457445459 13.469855418464583 0.8028548983544072 14.654874847916659 9.554925394700012 11.021366412315855 1.7437306384432043 12.6734880362886 14.274850642116999 12.652304837378049 4.495807396538519 7.294858122205545 6.064311269286494 2.307918945857976 10.385558650453124 14.939860339658178 8.424053123336641 4.504997847781878 5.557714868387217 0.2263881303626576
19 266 3.9492891236469845 0 9.964571631485624 11.160879422700518 8.30239020484162 5.025285649872346 13.905538597538612 11.563009421923475 9.986023621608958 12.896351612774513 10.778228980369363 9.709463683213094 8.834051669308138 4.045922964678679 7.685016454555736 11.5855877514107 14.515866713885314 2.7107147517653676 14.745295906095242 10.236385206367512 14.669724818841273 2.881116311213869 14.95493976168673 8.044117182169963 13.684725925294286 7.797450750191082 4.761804451276825 12.952705994294913 1.0987395513532099 13.505538952929607 12.619618573046782 7.734091929723771 3.8094536175606377 7.97978869376432 4.653636393076761
20 280 3.9482896757307997 0 1.0821887755049833 10.313941542516321 9.482446283880536 0.98925361390814 13.523520891088676 12.351312698881404 14.868144547072042 10.621264240595647 14.360900085343838 14.223681210551934 2.8247141082927048 6.9350746315670095 8.379348230600698 1.2835993049797536 10.30082826445324 7.458230724560084 10.399258920595933 6.746346487192197 7.667580461824795 3.2849014798935077 14.868310653551383 14.804272638347939 12.32946777502496 5.84008776604942 8.18105572695481 7.808184511267221 2.4270114530175846 14.99715356441414 12.513786591320295 10.300712066194222 11.513066287571984 5.15050126217629 5.359812246880095
21 294 3.990561937881762 0 -10.813488185865285 8.427396640049626 7.054035247294935 2.6557912908520525 7.642585706401366 6.46803261771 14.513084273289891 14.155478465146885 7.111335458609963 8.627736627420624 7.149388087523397 5.742893709089674 11.02808363082702 4.487109186544236 11.490997564904504 7.7033614191918325 11.753167803819505 9.345587451923219 13.060005687598544 4.890305237102689 13.498940748918756 8.245772423537794 14.99342668990003 10.383000465789994 5.42495969820933 8.279104860470133 2.9670944308960188 11.179700296859231 5.18776177301879 5.057659578971377 8.384735761427908 5.164976097529655 6.510730646843074
22 308 4.049528697090388 0 -7.193210929668206 8.361004878032468 7.059369206091564 1.9563265939965628 8.037555128475443 4.509991623642284 14.673709839573016 10.656829304083363 12.025216410917619 10.181083657702807 1.4878921948810215 4.976450840850356 7.045544238476461 1.5169336161364626 9.186357232591007 8.800091562246276 12.029192875848725 3.7115466436819586 6.837812425798867 3.458799270610779 12.459158267753224 12.645172274842855 12.452605589449556 6.496515461030713 3.141694774493425 6.636800265093644 1.8682024719106352 8.997556936370545 7.008382756299766 5.626636156264707 9.3911134270447 0.15716391521730133 7.59692391825963
23 322 4.10469988094195 0 -12.343519211066678 8.167997421748069 5.635976407379847 3.043910009736855 11.059364010602238 6.228635928198775 13.465641881324952 2.7951095158088552 11.942175309708588 8.14614802907602 6.850572974390277 3.58648619582135 6.96011118617505 4.949591293293922 12.528925858581779 7.357583462702852 8.746626967870974 8.509879688383176 9.163255674182626 8.252936518451634 14.830573046049082 14.506562637130859 3.4077123907955347 9.998023028795568 11.77911118171533 4.602657067889922 2.394205936817322 4.503860469250052 5.7636842623825615 7.53608638593407 9.263070190448826 1.8724127451275123 11.703981677291875
24 336 4.2289674989221595 0 -12.132940560582728 0.6486505173672512 3.4978849074374323 1.103331182754367 7.368466779289722 6.528768926664066 9.692051946093379 8.788012965572182 7.044729813223848 9.304706524428028 6.732007055382754 0.4584955236101824 7.342469926848233 4.134829060233734 13.96615710355173 14.670484197274114 7.542309297365444 11.258406708906541 13.010778881035645 9.844811892363946 12.123929004731277 14.750558487976694 5.5179288356579494 11.614256150565524 4.421775469974611 9.388859467968523 7.811245376359537 7.878343893970517 6.263854370267933 1.1783157381719334 6.2122734990144535 0.938426796704519 14.877203167215416
25 350 4.2516058568248845 0 -5.770255894969512 6.087457035955874 3.4990254347466854 4.22779196964 7.8624535006653105 5.329819373549283 14.227621075229344 12.294472672784515 1.363883454055434 8.162712746367664 7.361314903014618 6.29872292177933 12.845824574701435 0.6812961228463883 12.45306921499554 6.6551528567253895 14.713983152634468 14.1797816389999 13.560287428752513 2.1474694641834278 14.67769837044965 13.521643278450703 8.18447198500161 6.440011594778715 5.412040859562618 9.600828418422125 2.0922834516380444 2.7008214131698356 2.609250239048701 2.355313819466325 6.975941787047411 5.967249499017589 4.6027035010191195
26 364 4.2322125151481655 0 -10.856171427065473 3.0199029779873596 4.511614553867059 0.7623285258759593 10.656913593796677 2.445001130694463 8.903905221428175 7.821501380385257 4.060007912623627 11.995287446286119 0.9511454958367103 2.7694721578059047 6.04888311898811 1.897781115132716 14.100551209796267 7.035824133818656 3.4739462420901503 5.8007141602985435 10.442763148124243 3.069315772969613 13.966042699605849 14.973428005261656 1.2293626545950076 10.937618729763084 5.421387742324496 6.177168741427444 2.8021368399609514 9.004517193053035 4.07100425219558 3.0779775572793096 8.519750506862023 0.43537448185090144 5.270064389777454
27 378 4.215461571896 0 -3.3141688453204843 8.317879270542456 0.9619863766617556 2.07383024743306 2.8117193795077746 0.5747064489925506 14.99906880930953 12.911673361040457 10.973339539314438 14.906310658711686 10.53924887591382 6.531990273491317 0.07865321800398206 4.718376787204853 13.956436689345843 11.296049402400534 6.354179343461578 8.978813203811223 5.696528447618535 2.3919406738816327 14.1346678112376 11.583699140852502 0.7152435152651253 12.611232381412455 6.0715965546779085 1.8645403927256732 3.868161928344634 1.4126021201882555 2.312317566554994 7.414733541118919 6.969411575544992 3.1890867222526875 1.5917159572269184
28 392 4.1535322632133616 0 -18.85039360055277 3.279867586436868 8.552824092538064 5.044729582565417 4.053567229536772 9.604011722546595 11.375851711873237 7.156678151593697 8.34412080036185 13.240121238888744 3.9160293340266623 4.8621325666716695 4.859011195457137 4.3227855860060185 8.612186773002172 7.450978243158217 6.568079436134975 8.833421192755717 2.7235841772429357 5.191064641136597 14.993992026589186 13.297605043542116 5.718859417875956 14.963639048418438 0.12994531028604828 5.431405204679262 4.453692452139338 10.899176675519172 4.472463961594012 5.947012328514637 7.045766686445001 1.809358442908298 3.055710657138725
29 406 4.152215423544222 0 -8.171229695397791 6.675219427496236 7.878635536267598 2.569704694986534 7.868951546808891 0.4078528618247269 6.30735578001691 14.225767183836364 10.814264117742571 14.55540579574187 0.9381213764831102 3.2984236125475843 4.950988444652003 0.23852885035820037 14.933490468741477 10.818855022274427 5.40320579757767 4.540549947314393 10.324944834317435 4.218967293629373 13.065459537701422 9.232234157088792 6.658169110368683 11.566583814637603 5.4179696607379455 2.764665230605288 7.304042972133182 12.690871489294572 6.251218556271813 2.533752618582456 5.2201401895324855 7.543437094777492 6.229907294518604
30 420 4.234999063650094 0 -24.45683516829554 4.363724304002808 6.606917182811754 8.330824870731007 3.179634773605926 4.758728676844568 2.6584555828969636 12.456927832167214 4.6376197327489255 11.846695589283861 2.99239721540944 7.3304839848628855 9.904895513775006 10.039924429182012 8.126831053958519 9.748492575963432 6.21861727039747 7.836625396587783 5.031471636036807 3.0490656435652217 8.045302176787928 14.958220131065836 6.325352129811627 11.94328716995037 5.142150616095073 8.315678365526473 3.0777696709843028 11.130713988460704 4.586633280048432 2.1253572817212554 1.6186111178495564 7.9555850856302435 9.061979349863385
31 434 4.23213713261299 0 -10.49935148376164 7.480051885440751 3.3265474329268394 2.886930435826798 12.259202939359962 8.050069046973725 9.561160820679952 11.320189470155931 8.35169099330069 11.194610158768178 1.6037322030693772 9.032534980733967 0.7737619751157232 9.467517771726541 13.936044611895532 2.0005818895018237 8.734665126596994 4.660636467137545 10.095073259121508 3.6649518522452937 8.148941929310876 12.152572392750251 3.697610072333524 10.758455655100093 0.4605584872795432 8.72103330849401 2.4640160402901987 10.001478192290197 0.29288402986437434 2.9097123926249537 2.934791412861666 3.605955955950007 3.5961212445686073
32 448 4.238590512991323 0 -16.519523487841873 4.105652274774405 1.637016409716039 4.315417014478712 4.305094467596608 3.0492737854634218 11.961658643430159 8.346148507458722 14.094349190159573 13.92052609021431 11.542966706589468 6.700309139047147 6.251906534571667 1.0793830032712726 5.13166074461232 7.2154098220623535 6.441327532089209 2.3217825044652534 6.40661241809242 5.197088125889875 8.509533689641604 14.733689005306962 9.935603894659497 2.1897048395214256 8.241029650979783 6.784597836133008 3.6973917154319 12.559813471211175 2.66597672824936 2.5556426891353254 0.9416887134736518 3.1784292634321663 3.686364065815539
33 462 4.313430689094142 0 -1.8933200669606336 8.910487444537287 0.6731410790565799 7.776152143068259 10.139943143004217 1.4870141570067048 11.95737006036107 11.881310732546051 14.992331549460792 14.986534128034013 8.843410434996159 1.1617274946124088 0.685987680999689 0.10235269394788704 11.234466211165621 3.8093809432857917 14.217744041124348 7.6477687506007594 14.982424295759923 0.16752703783487777 14.99779741979095 14.945337387206663 6.4111669812554295 5.653406184422481 8.947500811800925 1.3604942329344771 0.8944719003921477 4.312415882781034 10.22000084512487 2.8537336254470542 4.47747530564638 7.010048696351193 6.4407134432574935
34 476 4.335877815709895 0 -12.477128176425397 7.084862773900944 5.383541613826338 6.660763088587416 12.590829914506143 4.541574104860258 12.37532051149968 9.145750800997735 14.064054662300784 11.640132425375665 7.645134648351004 2.253468490416684 4.4299898565490015 6.510872394497056 14.954984074069852 7.282073138020701 11.355536679891946 5.868539698343786 7.1001481863624445 7.5414811494487 5.610660170088356 7.499881809388844 4.063762292316777 9.574001035827866 4.626008759309494 3.833010990590431 0.2958941038511149 14.873134908778514 11.526513267927815 3.490646471552992 6.934989805335807 2.9739141862239222 0.2743284702948451
35 490 4.381592259212586 0 -10.239308200504574 3.6848180599789786 2.0444370394183693 3.3590160888057827 9.526215131795503 4.8602939426381315 5.095143606363711 14.999822512780748 12.221035820304035 7.759951269870001 14.36556214863764 7.708173564372089 7.399635262131099 2.860619392185427 8.853758460424764 6.6175663831431955 6.804851716023142 2.4068580357328337 5.744384906190752 5.500518786971533 13.20342472852069 10.234008442886967 5.3863333847601575 8.50361703454913 10.257970773278586 4.5935469966708276 13.84596910799282 14.573542766821864 7.407446021319309 4.306803335120259 0.751546843760222 1.5920061515413195 5.890408211819391
36 504 4.431884644488681 0 -24.749609463341972 6.559388161875469 1.6298092714580235 0.7598276904619112 7.279669658293162 1.2538570419944506 5.972462432027097 5.724110612427426 14.985807900730272 14.98133308433421 9.576176533035316 9.174216736686528 6.310858452532841 5.981076667312244 7.071327534863576 4.595615777008879 6.795617174599654 2.9549606785435096 5.967776863916361 8.370301476892564 4.018285000559547 14.353723078025991 10.988946354149604 10.11000492456984 5.9727109633794075 5.056279976891193 8.535704276066717 14.693369675791148 7.987593348153033 3.5670724285208077 3.3697561549123103 2.7433453483711006 9.997460956459726
37 518 4.422680214380277 0 -11.946239005310296 3.2299363417293376 2.089076216790434 3.803686201595845 8.571261648303071 6.549382222533255 8.852383118828502 5.698145082325725 14.23259331444012 11.421215398082115 10.333328297938742 3.025671963157156 11.441852080963876 3.083398253738004 3.2052602872802307 2.0160860997283727 3.336326400096702 8.26849749169166 8.004725484779916 3.3283577036456924 3.3821899751137643 11.54702037401143 2.0076750085722344 9.645071873858868 2.2143806000280275 2.2135976144242937 0.9037657904216942 8.120183163584972 12.83274548126431 3.1424332484843855 6.985134140940167 1.7256247675392706 10.814627314382427
38 532 4.352126793753956 0 -6.861482535502066 4.709113939725458 1.4210460742528757 6.16810939478291 2.30986168964969 2.162078700587406 5.13615948251037 11.787439096526821 7.427822690147197 13.554954871235502 10.608648841184596 1.8297423608445818 5.763680023006863 0.8187446771263254 6.118755562141102 6.261816821723544 9.3578601459499 2.904349161678579 10.58644446921475 13.098333492767885 12.222094829831628 7.360086161846505 0.39872791234304295 4.069883487262411 4.706158456758253 4.579376910774306 1.5596096662284373 5.324340409759008 8.00442520043636 1.2540715259468356 4.308479716615499 11.606968124870797 2.1048651970775083
39 546 4.215795866600998 0 -14.920073938649931 0.41145240269139693 6.321962444515332 4.5926594931302915 9.374600635527436 3.7747304330552414 1.8946969103792473 10.699651020377093 10.646602616342607 8.567246874413563 8.534744959818447 3.116010034738343 6.633339664692855 2.56009200313145 9.205408522990059 9.01274622259458 8.610627872225017 4.1478190489743 13.15718407638915 14.574194329747915 12.418363315599521 10.862481852583015 3.0983703985565363 5.488424224145708 2.9025102493777126 5.5297489672703595 0.8537254869739583 9.357973075760668 1.4246091092401252 7.830068189476972 0.8228387930055363 7.017379213312523 4.128093236854852
40 560 4.067145275434366 0 -13.512726782733836 4.520907230961999 4.680172816549664 2.6776299349043384 4.592257396208051 2.8858181010806465 12.693551104139356 11.994676273762515 13.14590080315789 14.987497481318023 5.65201168615117 3.9163371364609363 6.620032830613745 2.436824095164141 14.669061307278621 5.0790822250701435 10.058740538803956 2.3675002482675165 8.176559154668892 11.626180060254477 7.505013428829997 4.136326562558424 2.9314744162816906 6.836279556627252 2.489318928525874 6.442449006754684 0.9128477251191143 14.538207385270157 8.103700651663516 5.259035150273698 1.1857321390501387 0.5218369106387541 5.743452360815212
41 574 3.9612380069833892 0 -14.826644812341648 4.67376153312568 3.4544675060277914 11.82303397316415 4.497642287871052 4.438012893223123 6.568742758012503 8.44469966822006 13.657815000690023 10.2592643509594 14.40458809575672 5.598067296438659 6.641362216343168 7.184152837537766 2.6626166713329003 8.649436744920827 3.1405470634106614 6.590615190640603 11.743891769781756 14.69130262088418 9.696663931464707 13.947151715690882 14.090545077738117 5.982149927571241 2.388224788679585 6.4222908964896845 3.744446880537886 5.338433064612746 8.54113726802613 7.307072597235981 4.251927436589187 0.07816817027276957 11.469292703322004
42 588 3.949565003338442 0 -4.331595930260281 4.860642641645918 6.9383734836484035 9.837008702658636 4.337990421814348 3.117313653309255 5.729486692599037 13.66686888560082 10.320892845141172 14.368739639721111 14.21554932696558 1.6522669738618787 11.103342707681975 4.232284514140545 12.175108998174728 6.757534637965531 5.793216290030836 5.564558301277353 11.710274516322176 11.47283923282377 1.201201100724699 9.055478489126983 10.303376248034738 7.770960655449791 1.6615481993112744 3.4852103851248146 8.80947417574492 9.487282345261056 14.660328763412965 9.346641612606074 1.914988181361787 8.063574302365645 5.730391163724093
43 602 3.8679235712414504 0 -4.962421193423712 3.9058539936118084 3.1486739535241326 4.304179208756288 6.50781129502394 1.29046171621899 2.8569954176178562 11.01239948343342 5.30334222690022 9.394082844668562 4.2169806880366 1.4504492404504608 7.5566735493924 3.3771896320146126 9.868976339166306 2.0347842104022993 5.864489126038537 3.150088819166457 8.446737528923173 9.834402795789412 14.945979303563279 11.125527217500416 13.936297663351535 8.460117842585692 4.286407995574853 0.6697487214533494 7.050447198839192 10.956925006109813 7.517082188076039 8.250141533954288 3.2591713599228584 4.423890387299586 6.7106059925524875
44 616 3.855296702177356 0 -0.21068216496130265 2.5453101680143986 0.6676340562122112 10.655404510779235 0.7709360911453498 6.748414602025624 10.706132590477983 14.97271249695518 11.894177422816677 13.419588881669462 13.39535814053891 3.6856837491843404 9.907300046949679 3.0966936990153897 14.896669165461288 0.1096488564505389 8.796390910430318 6.251452367981924 10.775758999907223 4.347372894752057 5.403106845686934 14.562399520975225 8.000381800081897 13.224183909227332 1.917842197995384 1.3015992629021431 8.171673690420011 13.186126107366167 10.035937065446426 0.2514210337870928 3.485838651606608 3.294681455612597 1.6761583395934423
45 630 3.8349745781730054 0 -3.7949656965866847 4.467976447157705 1.1402553167953522 1.2671807629223948 5.554588491955537 4.476778833343351 7.418286601837227 9.799035602548605 7.85399874288155 14.385737807039346 3.682826591552761 1.7410334107437258 14.744371743785587 2.358790881139754 14.141820413991393 1.1917369106275917 8.275309734354657 6.986363166281009 14.971026640416602 8.515720976412496 9.38164963946704 14.246100786682149 11.935705094018559 10.890012151829374 9.593687837991283 2.985228507874737 10.903230002804154 9.974566487087717 12.964860528050174 3.2928159393111667 1.7455997871939455 6.616128975745156 0.1268217199331687
46 644 3.8278047645895623 0 -12.765613493920991 1.568350110106024 2.677978899276047 4.927969281892295 2.499827679805387 0.4451854848148301 4.492551338812281 14.999427805333225 14.110437809521379 11.625223170534802 14.982862648691505 1.717917668997607 14.693925658333965 6.958150243662438 9.576074201734414 1.8149537036117955 6.671216900970641 6.594389654071235 9.260417472120926 3.823536286954725 6.786819301385297 12.687553575531101 14.990959539597236 6.700305156354473 1.919506655103072 0.5093212884510954 4.901859833887519 12.436967488575792 7.82799930350199 1.5291905826442274 4.246110026465665 4.69881919175473 3.566499112068101
47 658 3.9395536837136866 0 -2.343204492332516 3.9687458602045074 5.316170556998177 0.5987012414889108 6.098549367601466 0.0005268763792485341 4.148302929103769 6.063810997208788 9.505087261898808 13.840167018520072 5.8947242657590735 2.210402436362665 13.489699785368003 8.992686884418504 12.127996903335166 8.109469451088488 14.186524971420216 6.3748731085057475 9.399263523181792 2.596440674271992 8.964912463720161 14.661087310415255 10.581354452709256 3.8714323244953572 1.370498000038031 5.475576416602063 10.491603857312189 14.769749901368641 5.682819166042281 8.493900937338722 2.9542064108494643 0.11495985074731296 0.13827747887487052
48 672 4.038493415076475 0 -11.995025487755624 2.4828961917110384 10.9086804767555 5.377005470365653 8.515147259529131 3.630224519473664 8.708268605952103 12.625154478308335 6.176633648358495 13.266418914090199 13.300203887777208 1.9298160181517492 8.75496596293413 7.708937728691431 9.782131845637352 7.673261477515783 14.943354594275927 4.369723944354716 8.039095646771349 0.7592789503641022 5.983750991158836 12.29523527741437 13.674042899784894 4.178957494268117 6.955225849578534 6.822951420026284 5.055335254745254 8.924424692471714 9.23063436121938 14.99963625775372 6.2167917429555075 6.462332681142755 1.3440492177842436
49 686 4.0517305675051025 0 -19.586881463233695 3.832382095464257 8.667442889025303 5.977089693346208 6.403796701040487 2.4215416425269947 4.138493687481681 0.5222436641085886 4.916663883024999 14.629925205801737 7.236711185337278 4.587386677635687 11.516189267016976 3.5478933339989 10.01557220613792 9.032898671201206 14.675776277379532 4.844958562293195 1.4289337474253254 2.492645147402782 5.625696786203711 13.117683888155325 6.813342456000541 9.870363944262994 4.016622274715422 4.644845615343005 10.910627598089693 14.994996805678923 7.317266849031681 13.626659977564891 0.21205539339596413 4.506246845072781 5.850473425842731
50 700 3.969200589801763 0 -3.182055414356949 8.417714843430911 3.7433104391570504 6.484652863430277 10.186153153339117 3.4457835639684333 8.080612729596254 10.94134283312873 6.6047580257714165 12.646306324206389 14.720669275925584 4.5954392999108595 11.864545623171722 2.8783512037669112 13.601047660290613 5.834396596353931 13.816074128453998 2.0472174541434387 6.00341993723228 2.962492452718445 6.595893410131382 11.651296475653542 14.823857399020453 7.397185915764775 5.114091920709045 9.143212983049116 5.693798493302813 5.555442176034971 14.100047532616387 8.386611271244274 4.951058382684972 3.6587745452404548 4.770509208724455
51 714 3.8226935621039715 0 -8.81311099290232 5.158519129285249 2.141697633703324 0.6260947259849843 6.917376466797241 4.62694822697893 4.760328757571328 10.924260655676129 6.906628886159277 14.958100463266565 10.416009950607055 2.199446611589676 10.805678040524668 1.52534770386346 14.286761749974096 1.9643922876220596 9.027871174109315 4.152360288096388 9.214784522672208 1.634256306790726 6.975392645707396 9.085084536311655 13.401034576378215 6.514337804596559 6.438420833409696 11.6984900336235 9.123076685127963 12.872843783878608 10.67908612756612 5.423859624589808 3.8206427716679103 4.687062403500555 1.0657524537656116
52 728 3.737750938938892 0 -4.8352202145623675 5.1610464113588534 0.36319371949604295 9.103089964530142 14.980213538814152 3.630759125968206 9.806958446465437 12.837968025852392 9.684613859875526 14.946959762559013 2.4528923620499583 0.7487285817057967 10.706214922733103 4.196088323202474 10.420902989966976 13.924947989835486 9.072585755849495 4.203409491274203 13.986987826188468 3.7581147529239414 3.1315704330914733 8.436299226665149 5.266414416326592 2.41411093483506 8.977113751850911 8.405937717760665 8.503673671342003 8.510700834681856 14.123137072300036 11.832115032310448 4.614607893508167 1.436086394220979 1.011198452361446
53 742 3.677696013080741 0 -0.7854337289637492 10.568486326246717 1.6516384542883769 7.185235605296832 3.814178515790031 3.8163097749221695 10.374791500952394 12.014517170827475 4.98568796411447 13.250543552096946 7.66266935571813 4.826847213836103 14.159671505540345 0.6532935719398778 9.090572616334796 7.735333830803843 7.74866649572494 3.784950589034179 9.829301174658905 2.8518052162871426 1.9656881501041168 7.489790099110243 14.638878678218378 8.916281109701305 0.1239433800094929 14.931234669186344 10.611807207725533 12.553587556438558 12.863707830861138 12.390227572825527 4.741788844197586 7.367859755884339 7.675945492448655
54 756 3.645415351087545 0 -1.4114546798460328 8.238712893461857 0.6292160836212384 10.800513472759796 3.752338473675957 0.41493208380197333 7.9409718268304115 14.046519910102287 6.379522698590522 14.99931651027093 7.286323865474664 0.10851372483252353 13.201565309323307 6.4084213037227755 13.475650743011975 12.535426243681261 3.3968446049272085 5.248656983945674 14.14476681849322 3.7881999539067697 8.47771554663314 8.119795332456846 14.381569880509517 4.875796224959798 3.1144364328779925 14.425806041822176 5.021453995274056 11.017085009020608 13.521808944159641 6.072498986231649 7.0593915510088685 7.768977411115131 1.5606964059695585
55 770 3.625510797595088 0 -6.23910417564535 6.586960999976587 2.7982094156719595 8.939711853642756 8.079728006982505 0.6252981600281635 2.8057758603403427 10.606383109191245 8.135634739806221 14.364789364551728 10.064553809171514 4.673876334863875 13.419312851205298 8.576289676204375 14.520195184818048 11.33813436090607 9.221614994249654 7.2093121859792255 14.506696311506293 8.117885582239133 1.1546796422497123 7.20545563890896 13.26636928213814 4.308405478413208 0.8703272721795514 8.302368238451354 7.997119856090226 11.079652333259418 7.696950219675957 5.202650224110085 3.5481533813335453 10.238791353968828 5.1040045013211515
56 784 3.5431459152348115 0 -4.7017366519419 8.5140723760517 2.3435452164139527 5.813105256919243 10.366327524240369 2.699733661798378 8.469262259706868 9.754042259145127 4.913081381195004 12.908168660130631 13.67392484402604 4.685031619341433 10.787241898622376 3.248516896695719 13.050097330200376 2.786032430042198 6.810816154694623 4.795185357092287 10.29712138053147 9.430931011929509 7.373157887609519 7.511296765521072 8.876656314652251 2.650823166237485 3.536709836668029 14.555177604017416 5.660468901270127 8.545078205741557 9.322633483377547 1.642666492798932 5.445140076662583 12.746018084188016 0.012281929600782154
57 798 3.4209898441581585 0 -3.193191803452704 8.18123334830133 5.31948537975692 10.138375371833284 10.596133356932842 3.511193191916016 5.023880176836646 14.978973722733715 0.8960989361396678 14.505851909310923 14.794953041700342 6.968733079417721 9.116471706873746 6.5277067536127475 12.305491114009339 7.710717527266969 9.65807567528629 4.59444344999906 11.849954804936583 5.777905639813929 1.372847260992963 7.6070120086864215 12.613264101017243 4.62941360069132 4.7608418917235635 13.814818390050142 5.13241701577355 4.937417979002229 13.971260878101624 7.286154008525722 3.5515718803245315 6.44315722341328 1.4102374413715708
58 812 3.294940918305295 0 -14.227384424135165 2.6713992610801154 6.424478819413939 9.022847348074087 8.65328406435456 6.11009017265757 9.306048114935166 14.24512385661922 9.677931983314597 10.886414740130483 7.889442545648286 11.984596655889554 7.610660205997696 9.20643734604932 14.222717416808742 2.117366673880836 6.451993396269622 1.3684071438288767 7.627096431685592 2.3335290595658194 4.6645019615753505 12.111691882566095 10.148087497789053 1.3516208485502417 8.415280729474926 11.904673630417935 3.9522321257040733 8.398078284687369 13.225126106969157 4.498827457424719 3.591603266816152 6.600926041682484 7.131062891747211
59 826 3.193911295646282 0 -14.60029224598124 6.736269459755278 3.680278390728332 13.693229537210136 9.492204217610283 2.174371953861602 5.371827339206032 10.032624300410632 2.521911203416535 14.74291035511364 14.892215791813044 6.350527830654318 12.69926372834776 7.229095992606126 12.561265131509469 4.804391041742793 2.6521709030690586 6.340589579811331 9.751932199054616 14.999316269347185 3.4026747258181453 7.584054793247626 14.681400319239458 6.137912912670343 2.4766008340770167 9.683528109092451 1.0377477839331042 9.719785031822312 11.22471742324108 4.086279179174424 5.404348813915283 3.5559862635768056 2.1956813136687643
60 840 3.052731134551963 0 -11.155053776123093 4.374600536894145 6.145153689312197 14.82693850562699 2.7109298310360925 0.02143341348333899 9.501580688716842 14.936953582816727 9.822552599658948 14.119948829616245 14.833602696178295 7.672504736728886 13.453944711230058 4.768415794142278 14.908130841979869 4.042639221942387 11.117634310681348 3.0337702002368294 12.322468478022287 9.441285958009672 2.9725086822175784 4.959883617196553 13.543692915807604 5.2586785645913405 2.2612788600369313 8.80057292311631 6.955405568911351 9.591399321299267 3.643829149945165 7.078538621577179 1.3213234668190927 5.519145671548102 1.1505199487747233
61 854 2.920203276715166 0 -10.618607596077515 6.411520965046256 5.538817139880403 8.549641825961558 7.820447600674363 3.5457758027250534 5.920051726793101 10.715948423071552 11.17439917204266 14.999395186739195 14.052673155360218 6.096401548580549 11.008560335652547 4.356790442304657 13.178053780173272 0.00015458509050977144 14.82179565847005 3.911573601731294 9.458765420086465 11.550935031707454 2.983809048084538 3.9310621712683114 14.710243991969959 5.797386496362359 0.2587680010617689 9.902037498869998 2.2796066611933536 13.795647339004233 8.127697545444033 5.1102228307008115 2.8328396170471106 6.0983342677612455 6.887315749478958
62 868 2.7805374870748247 0 -14.09896758468684 2.1284689375940538 9.322900903164069 10.85420554554532 6.971173396577571 4.9688220695080005 3.17128327739658 13.875834814095384 14.032282656204135 14.902767332458186 11.698714541754278 2.415031306107262 9.273936053309782 3.73159796597335 10.500212442197565 3.1070056699768926 8.162136743627777 4.068807479384949 8.413039730303305 11.002622915984869 5.001306488649703 4.480676433175513 14.197045015106891 7.677181408443779 2.979857449570611 12.738462325612689 3.178696558714682 4.997017168502838 6.6469450083577115 1.3466935549932812 6.722641541744469 3.52367737351652 5.223079925325317
63 882 2.6790340602781453 0 -8.946591175198648 4.079243731675568 5.4267809878870406 12.478217205315076 4.006217321490411 0.442634373996286 8.520376534365605 14.999761652317739 11.33033659361078 14.726521254188409 13.558445880203962 0.7366713218098089 14.254110902849623 4.926272317251573 14.789616412300447 0.40487916090094433 9.130709916973256 3.756855619090783 9.363903146185503 8.166988604689934 2.1455368727242727 3.1198193852754192 14.34422807091831 7.1848106950706185 2.807315031903494 14.194501117993106 2.5720813880614326 6.5022482150856025 12.847134550316479 9.349322950740703 6.275994626049254 6.888345272589149 7.851415616175288
64 896 2.5867060188670004 0 -16.310759062704477 2.588723890857769 3.0142422730816048 9.947483597296163 6.493570948056609 3.7324132801433425 9.487513563852707 13.758081815189659 6.621696215157177 14.508894140070137 11.388382326946214 0.8292787610438723 13.256195361610033 6.031560010015717 13.320012593343115 1.4981523363711138 7.752606690059524 3.2119716186320706 7.289894633761502 5.950480524935553 3.3737351012363455 2.667539079792019 14.86054443000665 6.504431783931453 3.8622619724557783 12.594286112137524 1.4185461390352159 4.117713481040534 11.529970874305706 3.6390108028154717 5.023845116194368 9.01038917309463 4.5314355982938626
65 910 2.5207491579281824 0 -19.011447313669557 0.1065424208976008 6.560961675854922 8.799987738036307 6.2026222924837615 1.4232524348698248 9.594801934267046 14.95182809982541 8.844392613737565 12.863441846317524 10.744755553105705 3.566666213382556 10.829462533519958 8.041710893867112 10.67118837989634 3.726482279542159 8.49614430966231 4.309045840438347 7.834053444808466 7.6389007370419115 3.320466059308205 5.237769518596924 12.9695042454983 9.270035690715403 3.994447656819295 13.150667402822869 3.990645388697848 10.27791212873565 12.712085585224894 3.3499790560030274 7.046870259842809 5.271374969857668 8.291468070468781
66 924 2.4274959480099527 0 -18.413907363245208 3.5737803112597604 5.319961991318244 11.871199895393218 2.9397096304791535 4.787910689044937 5.348264624778281 8.630458156565762 8.702458373553199 12.770973152416964 14.368806007871028 3.89921618187491 10.863487868846278 9.250819538471703 8.899300708845846 2.453625322405957 8.941457630106225 0.7985057395694741 8.502548579955025 8.945307592071774 1.8536922558901079 5.257153538112059 13.639871380850913 5.38312786557732 2.9242938355248587 12.14282205935664 6.267186308563678 5.729158824268202 7.922339124807445 5.816244962335192 4.388761094274038 8.98146239023287 2.9937646643767852
67 938 2.3630378567039827 0 -12.364245876458831 0.8483093735607561 5.214033630219069 10.626747264314417 8.333231987094742 4.406627818298409 6.454820026700354 10.19270629298789 9.239137668124693 11.287663782599651 11.57754509466968 1.4881609236360158 9.403987664403346 5.423520545606557 4.340645883519647 7.086365494588732 7.765094752413623 6.188488950542313 10.816254230690701 10.967613540479569 0.8958278609847827 6.085086027550213 14.875217373549628 7.077475262294945 2.764602839613479 14.6040536934252 7.707083483421037 5.341713677076127 7.216612364984773 8.506307049592845 6.910891661362582 7.441587873990414 5.407156594950964
68 952 2.299949417556954 0 -16.365821874176525 2.2779809251393504 2.3627201092967027 8.390908849014124 7.4527503209673185 2.9941708836098524 10.28316907569248 7.098513063139931 4.158496310295327 14.903299334907071 9.910748774266864 3.7351835863768157 13.14599823794022 4.519930217371808 12.39746874958496 8.20432116881723 3.5155273883490588 4.977150126653544 6.732371804556401 8.51989264780645 2.2733838422553703 6.42198748428304 14.97437362320344 5.697104466957386 4.298069011420866 14.901918944832428 3.3975487717743835 6.595710919890275 8.929811772300512 10.326305044598165 5.149742035730043 9.89131128410321 5.985160165322286
69 966 2.2321030244266646 0 -14.738008191724475 2.1519780817577314 5.741431127140281 10.7081050425506 9.008410871506317 0.9723858066788771 11.394401321866436 7.73329677299537 5.843309265664283 14.75103835302001 14.052774374299403 3.0970557163502117 8.149152320951458 5.084341710284335 8.272500562185279 10.671829222474084 6.728155330711548 7.569658816809088 6.903848324107893 9.777204437199337 2.8424503147851037 3.629559519491063 13.76342852614495 8.01358317713483 3.107111298131093 13.13940377585802 4.002193803074158 5.536974789043592 4.888243372033425 7.575853935533587 4.240931824651934 3.8869683888406 4.919922559627755
70 980 2.153482892381003 0 -23.64806318639922 1.7347694706700914 5.799379438347987 10.250931634860542 3.82128679588081 0.7700865518455564 7.528900046111469 8.644241422564285 9.173367106092883 14.97390876917988 10.10789797019541 4.652005970915329 8.454928082614622 5.377005868581541 8.594982876951644 7.552369994788568 4.936089836736976 4.77996450472614 9.521335667728838 7.473006782090356 3.126269872417815 7.971057621299286 14.133861583068203 5.711093692928513 1.5897161638435207 12.386992438898202 3.509041559289491 4.137222161416426 9.199591446192489 9.979161950035163 3.798540095036211 4.525229396076433 6.069516143530981
71 994 2.1084891058573216 0 -18.912638145427366 3.022003407957724 7.602105813533573 11.423982540834622 7.397899013194979 1.0878520475114448 5.766938013105895 5.390668723331478 9.159820609612423 14.927206133344166 11.29699217273751 3.705524918365348 9.641138902611829 9.504987580614113 9.680056669730348 8.572411813610316 7.649137655928116 3.6561014333877955 7.919590787264032 10.837397027367508 1.7800096310914926 9.76067481539724 14.998229834399803 6.780730396025705 4.718772810410792 12.971745580888426 7.158082508361362 2.6765788283326994 6.150447482331909 4.404020409075381 2.9117028772473947 6.127735476656625 6.631063220900822
72 1008 2.0978586963901735 0 -29.604503594990327 2.241227432056829 3.4323785083387084 8.62551980409922 7.641698247419023 1.2816213592353591 7.572346130881289 6.985691126804683 5.979071631317749 12.919077090306358 7.574136632474776 1.5764540976455945 9.900029823935903 7.817304198986918 10.35504017997653 6.764368003551489 8.297272405866241 8.524473490399732 3.639704811111902 7.515885221886691 2.2103872665819413 7.6025241680745905 13.698600842950178 4.985872507469841 3.605367309818094 9.219538256482986 7.356956800253807 0.7498983261628225 9.147848778944507 7.703563340116293 3.769027020671728 4.146599005168156 6.312515109543066
73 1022 2.0561200213956172 0 -32.81187213892914 2.2826868658986297 5.263847049141666 8.219992913639878 5.9476167548460745 2.0599498455641143 7.505759983070572 4.4698626802121435 5.4614092682481505 14.319626938129552 7.162616484720012 1.2958356393163957 6.3539367760349705 6.730521283754818 11.115387286633627 7.715525433932829 6.9176478862240085 5.111686527585535 8.086171185112399 4.95915669164648 4.165440086670021 6.29836186707419 12.881040539964744 7.9966264676692695 3.2952136929248557 10.374954602004774 6.930194748964665 3.6085289685646433 7.237623012931165 9.194308134336204 3.598987683448586 4.959959651823262 7.925569128598788
74 1036 2.0672248237924733 0 -40.12279755031129 3.758054367655329 7.524323147237588 10.174783978407454 7.5713455403782035 0.6819131674344958 6.72683538528132 8.802038862248828 5.81036984374875 13.560540653259856 4.957773781564725 3.780031927526907 5.097758809825564 8.439787066464582 12.009996688203294 8.326836021449708 6.079982190007783 5.9434956689339975 5.372592518650853 6.965193699117142 4.2602112517860125 5.28564381863975 7.754603820670887 7.995624503661418 6.535577801675087 9.428672785395833 6.728760476642352 1.1896586621512384 6.3393509966438755 7.066851564650937 3.6958942990735237 3.0196460298629972 6.652072561973194
75 1050 2.042692070585596 0 -33.91632790242186 4.244864342569183 5.703450053710556 10.475051771989577 8.567559716440098 1.647648435438981 5.504322828233546 8.165790445736267 7.880680829933598 14.353476908813537 9.011732453879212 1.4834678574461075 4.854044353823632 9.094752239938565 10.013346862958048 6.23535661180787 3.66037232467681 5.5198653134453926 3.903083707851902 9.250393850741375 3.86480782663219 5.653780209501656 13.13366290108058 10.144839974768566 6.89738962600911 8.264565602756766 6.746669061381143 3.191556857336641 4.590813543004185 6.293658130460324 6.362870079139394 6.077119716758119 8.240412855633586
76 1064 2.004630097419929 0 -32.07993627539098 4.08226168150098 7.662782383973692 10.663797284458717 7.3263914229364175 1.3063734118780856 8.414064329421723 7.268844592520848 7.848117032889971 14.878911602752499 6.809258383388361 5.621928355514803 6.545255214108202 7.504824977781986 10.129528133781417 10.933651240277033 5.757570943393434 8.130679718323208 9.515848142774377 4.371829727254109 3.8310229533379268 3.1967025283459614 13.985954431441815 9.49109778874875 7.312891839522253 10.13380905469358 8.512688461184016 1.2218050677142123 5.004187106844151 5.571419304582074 3.828123638629026 5.047306492558846 10.556862513202852
77 1078 1.9751558801448923 0 -34.9443095226618 2.2642248008632286 5.941535626620068 8.645685701403714 7.329758227491362 1.7541509923135266 7.149902277522717 10.715220909587206 4.986928420984609 13.609935024982772 7.76558480066263 4.185635769686007 10.347002053859967 6.390881694893039 8.336000610330455 7.48041171862953 6.392407628164289 6.34563540338064 6.299407345929441 4.04289427983314 4.797482435547522 6.339678535192499 11.758029911761291 5.74734407268498 8.77728359085906 10.602867720020459 8.159347297918625 4.803429899742236 6.222478370337604 6.2297365253940615 5.285868347863442 5.491075957049688 6.044959311936781
78 1092 1.9721485486674057 0 -42.32742809460709 5.249793171526983 6.427388245354641 6.317111770410705 8.517551545526741 0.434778832024017 8.183127391979705 9.679577080365608 9.442023035017442 14.438827414771195 6.360331702519844 4.236738762263293 4.238323015853879 4.879704397944671 5.8218448720269595 8.496929594592185 7.312445432327652 5.2993444786580435 8.541986758110653 5.879483527052655 7.3051312639676915 5.391801704580082 11.691400956111178 6.293497059648223 8.707482551328923 5.71010674379804 7.087134137216312 1.1637203358676658 6.464747742340367 3.3986911811126337 5.608957578876931 4.659199165507914 8.261785308774567
79 1106 1.9395931864462528 0 -36.20633550740806 6.182681027024597 7.061733975627463 4.506807006719626 7.169177769355319 2.8645874810195338 8.079224233851107 8.875890173823372 5.886754599535159 14.305464916172548 5.078061006662843 4.241865693447687 7.995558193911947 2.4751688365624105 9.727238505501042 9.074036333057398 9.076524797090535 6.962403255436686 6.284232396627957 4.944592749390416 6.881950534146772 7.45419123832035 12.182628979065932 7.864175189832178 7.845150035772708 6.575364370852548 6.913024200495675 0.05686406552825929 4.0324732946492166 5.9059578124336145 2.700121114164585 5.228988433271979 10.830007328429954
80 1120 1.9252002021313894 0 -40.383983301853185 4.945222843771799 6.656252585320648 7.985706594895198 9.481705506280672 6.001343988491506 3.6323687369726114 9.138976480367834 7.789075089206709 13.885616946476343 5.971712335863707 5.150790446688607 9.385863173982429 6.504890663577619 8.988709085146354 6.711723068856295 6.62279576321225 6.521757292895494 6.866947944900807 6.138762278238399 6.432867604554541 5.674471152717099 12.731031800349765 10.07415358228933 5.21465570798429 5.510174838125181 6.014543122948107 4.292257883460072 2.6190520415955687 3.458530839981707 0.8548415319903917 6.043741477127995 5.659543736424881
81 1134 1.8904661319542673 0 -45.169691308390945 3.906736301958644 7.0254622258360815 9.720351772347392 7.336203119631123 6.040472027042469 8.455364242034747 7.334074002103909 9.42565786292366 14.950549093492617 7.914244231126986 7.066603983791118 9.637085779705359 6.549991865685826 5.72059037771807 7.29497772199961 5.964406461726449 9.721052601438796 11.3327548924804 6.837300422841928 6.320498491915053 7.784302606795512 12.153546237493046 8.451246625521954 5.696444265097158 4.944684047827547 7.8597671204496 5.613669948161624 1.8097234868548338 7.569832317534868 6.575984083257154 7.581586863597906 5.349595875570744
82 1148 1.869646313366785 0 -41.94535227701273 6.900573006765925 9.575715949743447 8.134853212039225 7.359762221263726 5.492245092625083 6.926717242887283 4.747250287365111 3.8130772809760005 12.416868463759926 8.016571704286697 6.242005096875115 12.311419583068876 8.781416883239118 8.533010849877755 7.7346613356210785 10.156537639559094 9.66793057600098 6.905793107573714 4.841499280021793 3.0094300756532606 5.453943588329241 13.754715545499636 5.27589973128047 2.4080939539930757 5.610212964225661 5.77055177853452 7.18321915886389 3.177760319804084 4.901223172795001 4.916197378031764 7.03624498614991 4.772833143445629
83 1162 1.8342876929440362 0 -47.37130606492278 4.660654044929321 6.361244911263737 7.4518882237193935 5.038204450539985 1.5886972541261812 4.511037277419096 5.930080125105691 4.450903146866898 12.100944065495106 4.190152769806652 3.1444652936391835 9.068837576452871 6.515778854437251 7.814907828620687 7.047592281549122 5.76813750535608 7.727854459415983 8.609366699030337 8.597472735225853 5.418293344086364 7.200144005247914 13.161871015047911 6.8865703244811645 7.78899799199143 5.290561408588655 5.830412143891303 4.892382247028314 3.881227158668906 5.8019580867816725 7.224564327985995 8.816736133392858 6.941594835122144
84 1176 1.7763727413249977 0 -39.640016097129696 4.654504725411411 4.964197572275112 7.017679597099807 7.9542940404934885 4.365668093423359 5.8399046866114075 8.928335801479044 4.465640548492214 11.381714482521268 3.8517938976091273 2.0327296419568994 7.9199182972845605 9.022946288755854 10.213794987938716 6.885678249786626 7.024069402040526 4.214528578474316 9.163608426466078 5.121063941983149 2.5145994121180344 3.9860408596148167 9.875355659639894 10.510243227049191 4.9220825287534264 5.179298873368327 7.16137754889497 9.286150328379605 5.687758088146806 5.78412338777696 4.665427509225316 4.0873544568717435 7.640195772598677
85 1190 1.7282588769333862 0 -50.2609619210313 6.4137426101023305 6.130478716966666 6.338707917282164 9.235506912911415 6.054002693131643 3.7023926550879116 9.987693263206108 3.952041405802287 10.90510389158317 3.8862402342969986 5.984020577366826 5.99078780171979 7.033804186701126 10.43633260662246 8.384483499570248 4.589144120838613 7.932489124380069 7.945671488973358 3.9258770324978958 4.153314647627687 4.505543015433524 8.850825056427151 8.066689244825252 5.763608262652854 5.933896755561449 8.934816446839754 4.259534752307362 8.351616660354216 7.306509095293324 2.450596183557151 5.120380902653494 10.001348038394088
86 1204 1.6552605468301875 0 -46.17256075297929 5.791686724747477 4.661191210935471 5.575712221437193 9.998386548123754 3.932808578431022 3.0060538528388907 8.501474040602645 5.219762532355016 13.20339695685286 4.648214914126548 2.024324226105039 11.27173301014512 4.679743046911803 9.22680563922901 8.649646587289606 6.366255483136931 6.188801601994731 7.44528826652057 6.111354590631292 5.027741257086203 4.647856115023745 9.791854450710645 4.130857003457448 7.4135632975581895 7.073832369007047 9.008682492866534 5.079274044139277 5.4662794467625595 5.850803113391658 3.7616988606471535 3.1000837026621326 5.95666074833146
87 1218 1.5836752926668765 0 -49.1540355209695 4.689445448652861 4.974659777059235 5.244813674843634 7.352550209501795 4.901430792000774 5.372074153499787 7.9058871510770174 4.43607432670462 11.574595854329818 4.993167827289966 4.678910028409387 8.687345522404229 4.99755976630864 9.052584583492624 3.5881827946668308 7.166449321126331 6.9731446448777055 7.64998135898632 4.201630464178723 3.148814581067538 5.527562578228898 12.282809270872082 9.11962594460169 7.334953705758286 4.911182796345338 9.057814362167566 3.8400267582682535 6.876301274770144 7.057089071252131 3.3806361350710166 6.070518323215261 5.566921715363764
88 1232 1.5289568557771165 0 -54.272838493620604 5.947613066568178 7.232430785633169 8.288836435627992 6.621138652432432 5.138729955411343 6.315729133641595 9.970297018360679 4.855619816959332 11.852055762071949 5.045819499435396 7.784036566845678 6.251220619272935 5.75837969574048 9.78315121770984 3.190634380219115 8.784552236672816 6.122287401050355 8.377513909953727 8.745989041113756 5.229687778492932 4.240027828286329 9.452026082627473 7.936140718900514 4.259547868958359 7.250450966411021 7.769719737493045 6.20365684286975 6.219221254113295 6.471476610065087 6.498115586429716 5.597519451143569 8.276824039351219
89 1246 1.5060581670039153 0 -55.189174434900885 8.340795584795924 7.462315972004929 6.833545440824587 5.499434693164515 3.5109759622664782 5.614045129386724 7.429746865224891 7.327727087037336 6.664015337911069 2.2299213637677795 6.296371570319096 6.809764536001538 5.715239841254196 8.099612864305346 5.672831167299465 6.441477475296503 5.461117918917426 9.19120982214305 7.088779586243923 6.823750343221324 4.9202612073262975 10.686397531203532 6.206423305045062 4.658388065708573 9.591438227274669 6.4933827197060285 4.820823688104701 6.555660893955791 6.019625348844253 6.430107616793819 8.200820994974599 8.62069248837565
90 1260 1.4893162561532198 0 -62.128473925996836 7.3803671046072 8.251113508846181 7.568417959548022 7.50497867240725 4.69886264829276 5.3806432728577365 7.406311155905955 7.069148148320643 9.453453390327816 4.570329258917994 5.483101859761596 6.444378715334068 6.775511289594185 7.398796949228997 6.152470654706489 8.272341476472421 5.182393171501573 7.8426270997785945 6.673237059679975 8.435013740722226 4.019157967333382 9.818740439251215 9.187762011994042 4.009144468893046 5.748441413533478 5.702037766744008 4.297625182601804 6.5342303014654375 4.293770591332747 5.56663680604659 6.373862179834745 9.598211777190063
91 1274 1.4568759607158626 0 -56.849428110642236 3.2196151202047414 8.528452936038047 7.915022661596431 9.362397142086223 2.426467400918 5.804771670035384 6.815256592560987 6.361981816249695 9.031269252500206 4.1140863410260735 7.089475785230517 7.436322881510826 7.688901637250844 9.117281650840365 7.269312241115319 7.018518670842757 5.196990198610264 6.973012500339914 9.186866918153171 5.990450557115604 3.822313406366676 10.033762905534566 7.253379378621192 4.8241885393687 7.535593252691089 7.2590575835913445 6.2549328547596215 8.997952322332425 5.47050667833131 5.204688177312941 6.999053195026491 8.952497059340168
92 1288 1.4421573734424633 0 -64.15304413220635 4.399259752160375 6.596316660414814 7.891045306343152 7.351985744318209 4.523772472069425 8.138055820222675 6.566653034418868 7.783211034190108 8.248572440279979 4.519326322937367 6.473597927941108 7.535914170159607 8.38418016563513 7.009735859557255 4.965133317342281 8.524959328229516 5.266999086696917 5.1343323590235705 8.976523209675648 8.563930361983353 4.401587566412763 9.89580246023663 7.5830358176828945 4.127524435597502 9.337492789869444 7.919915662728286 6.962710469124099 7.274092963405628 6.884164458884831 7.915999790552242 4.9531590295578525 7.657584876141176
93 1302 1.4233519518101616 0 -60.87570304701707 4.373776716129559 5.68133141587454 8.496190684647317 7.752604155093856 3.326771786672772 5.236930182058277 4.390728176876392 6.473455477632983 6.2812971243441265 4.134037561993047 6.5330695928749005 6.059556088168705 8.0136565885512 8.752955643498478 4.735899687753352 5.344241676238811 4.274912702480408 7.454400213225801 6.969141506029924 10.005227223461974 5.582879140839474 8.909461887939138 8.484742187868253 6.772438980920137 6.813230970183875 9.890868568623919 5.851080975054989 6.707372821954389 5.2089103087278605 5.909522098361813 4.998551680368095 8.022495095045205
94 1316 1.400861464998849 0 -60.5091310430944 5.64366286259977 6.078916466767457 8.553957347764296 8.922702448913595 5.968659086208589 4.791910673127592 7.312872688916785 5.272350628840561 7.954607494188668 5.092470354690647 5.419519923322416 6.048556441359288 8.6478077204928 8.763365804577994 6.460048201977038 6.053015324729467 5.816880093163265 6.378255430823064 9.47280778260281 9.11556510841289 5.225337158652762 9.144831622475749 9.331338672523117 4.220458778429469 9.099945743648483 11.12867322823767 6.0046620842235345 6.75824932315971 8.367343194921691 4.9327254024391936 4.599354722122783 9.419844037838352
95 1330 1.3409076067319323 0 -56.327869326828186 3.4594382659058707 6.384591165114206 8.569957631217108 6.548354580067223 3.3348240223891423 3.927480889408091 7.623139043705784 4.750618812244724 8.208523582441796 3.782487202939791 5.2970324199578345 8.167938875696741 6.279547502230535 9.076986357388535 5.58154275560143 8.444618510786933 7.557439283479365 5.329777047703979 8.395485070467785 7.149243462404174 4.005762245519676 9.674514814056508 7.811077434174759 5.999915717929179 7.545399934403008 10.611944849655053 4.251779762797858 8.159715771937947 6.708671977617785 3.5589806738112006 5.228661599137517 9.016411812116157
96 1344 1.281956607685928 0 -55.998562931724024 3.032892768964138 5.878150461147777 7.636187675853833 8.39912065900429 5.363166621643003 5.148153882603143 5.3442480746011025 5.523019560228825 8.109190405232841 5.808131980717825 6.6270802006119816 7.32352132217116 5.8778225719705475 8.982325704797095 6.668829131636298 7.718961057338693 7.875463660555983 4.551465199918891 7.605482838245607 9.83115535994941 5.9757514883110545 9.864303571936553 8.871157630530199 5.6350637479221195 8.280364806951143 11.218515970700185 5.979719717084594 5.0778408403938435 7.167825771938675 4.436477044772245 5.469657684873759 10.113230567073526
97 1358 1.2168541471089915 0 -60.11565216609646 5.047903573316143 4.91895825331938 8.570318205795907 8.989510961138427 5.549924110821422 6.4010398524591015 6.178905818426857 6.454436165833369 7.297423786781669 4.368787031232557 6.742704106559084 7.259762570401655 4.984695536259885 8.688725365922352 5.471251113971773 8.58093729788738 5.100771675751019 6.309437841020539 8.87060976829072 8.56014730462028 5.085176964481048 8.763622690806546 9.152360399220921 6.197318679204789 8.234342790582087 10.271966541034779 6.08467275830778 5.726692433038684 6.955211180321713 2.2640037690764405 6.5323199650322366 9.067754348353667
98 1372 1.1264565065026164 0 -62.144617477798704 4.72858045344054 5.75623196053555 6.93071292245736 7.96478398384263 3.5671210721989297 6.379935930297256 6.8364016485327515 6.487901354209946 8.60767098150955 3.890108053608813 7.081092169608912 6.996068477170631 7.00991154495339 9.245341239515557 6.8746903593399535 6.560058665027452 4.45888994807321 7.627086768158606 8.312925095156771 5.754873942336582 5.500505180050226 10.09463348457556 7.384534884072673 4.7256174677648435 7.998352092430312 9.67472004778572 8.355506922142759 6.328233917704585 6.531767933275697 4.711554480785723 6.698027326346384 7.4011514760301065
99 1386 1.0602350042012556 0 -63.340241111565895 4.293428747034373 5.0867025223854645 5.993203533378001 7.6242998638000135 5.001509490785409 5.388732134248174 6.213349595708019 7.479648841091873 9.82896585794149 4.653146141573281 7.168741283835396 6.859830449814446 8.459839040898764 8.143278399253418 6.6079544097693965 8.382155393520172 5.217222492526641 7.761202051550151 7.200307146356417 6.9329420546989 3.4133664065448173 9.228570265338671 9.154403516287662 5.151705663357708 7.24433129765505 8.304639209033287 5.585864653172409 6.690883238066011 6.569336062442298 4.279394029902259 5.867784884473956 6.487588715139266
100 1400 1.0179987376428428 0 -63.902333164434296 5.8862502525886455 3.5753312150037937 7.6429034528133855 7.657040188905847 4.162247532330333 5.074928894885847 4.065225860944066 5.2841681505845735 7.180210635070983 5.255086323221711 4.921067078367219 5.6721595577791035 8.030166397375531 7.333550908988277 6.171072810325982 8.440179248517122 5.223134153178101 8.000221804687852 5.96375565723396 5.731082369269859 4.335800341575661 8.836999453062738 9.454615672675647 5.673455993107803 8.318861359875893 9.235260518237617 7.080606331810772 5.662937859631572 5.6951535851033 3.937479764313938 4.679707571707418 8.179294650666762
101 1414 0.9728667449980021 0 -65.30446864636964 5.877734596023699 5.7924758566957895 6.7134943442979775 7.986152274100383 4.834673068149314 6.770430867919548 5.918143118256465 6.674078478574714 6.027703391722758 6.598268067778854 5.169390718423676 7.38799696187926 6.810792587558801 9.209363473398948 5.226233679451012 8.65864003530277 6.686773249261691 8.017084821165726 7.634382055270667 7.195797889940836 5.677452950974067 8.213870016319234 8.617550773627858 5.52046645921803 8.996663710131092 8.759422375870116 6.513977951217621 6.731806590260369 6.168434488417775 4.098153959868901 6.243275913129189 7.699822502060837
102 1428 0.9312032382773255 0 -65.43541240894203 4.7354704721613565 4.128563346930058 7.36125399627835 8.665911247627571 4.474918358773621 6.168830337331267 6.163853911769879 5.696528584376997 8.031176809974923 5.079607823715769 3.7468524426691534 5.48592990671029 7.427068809571622 7.30973939083629 6.510997192926196 7.796024917509315 5.306066068587046 8.316772044131088 6.518579292848755 7.78963372643818 5.7254413386766165 7.800469304707409 8.17910257309629 4.8171195066125865 6.4496716871980135 8.965119854632214 6.361489220477187 7.257294018060121 7.3240552892253685 3.8606006020843746 5.814136404493851 8.64283843180582
103 1442 0.8839962795180895 0 -65.26580199905865 4.5563997919947 5.712871842671372 8.64747834027174 7.866697674708878 4.373555649199687 6.395377170174266 5.291745140813246 7.118917811666831 8.119569750095831 6.2351847840307855 5.816685175725039 6.635602681933882 8.347241509275896 7.2057527064434606 5.54613073711347 8.728272231349774 5.701283454339902 7.5036806575261705 7.0407475016977 7.297381063530762 5.727123354928349 8.262015721725575 8.361900046891723 5.603927843034805 7.3766044575150955 9.412356353040508 7.480936636331142 6.829624958684793 6.742404818019599 3.4751308798484892 6.200410696835782 7.278552950812211
104 1456 0.856654084705091 0 -65.1479134375412 5.123785188276815 5.10070143392307 6.330429528899444 7.958308874858056 3.718327060808015 5.76961972335096 5.499037889023812 6.362187728592634 6.815408054408186 3.7162418575551897 5.726504923857736 6.47169519953475 7.982552622910987 7.348832535448851 5.635176368400456 5.929705092492898 5.394971262900604 8.434630974503692 7.475283949898015 7.7620985453456655 5.007319166777233 6.997918580227084 8.515655722584821 4.386379965662458 5.969207283680387 8.059536561333491 5.055829113463917 6.733277327484608 6.528209699745476 3.6611112997806616 6.177120213694536 8.370960003245251
105 1470 0.8496838084996267 0 -66.18395530919462 4.723224805921105 5.733924578113258 7.195954045735604 6.787550543439451 6.266085194614654 7.194817983446638 4.694794860357883 8.779607252795618 5.233055776681917 4.883618267800607 7.084071977758818 7.1574243357178915 6.842267653702642 7.100164137498163 6.0623863450697195 6.103599525575049 5.12507216384716 6.926659228241698 7.800183092066739 6.569295681153367 5.37470953137457 6.102575240895376 9.04061102774224 5.253580627156085 6.2101731583991935 8.0297898972402 5.275984815555427 7.382246229537504 7.386786889311255 4.725336512918336 5.235803883166739 7.6367040292485235
106 1484 0.8309286937385314 0 -66.38557575774244 4.943985827052899 5.622553100292171 8.009561200864916 7.8700222005471385 5.6228124580504115 7.328627581708202 5.348673148057939 7.653702884907294 5.80606702607073 4.842404655270187 6.523903976538622 7.343729966356797 8.3831936891021 6.641338881536628 4.420565940673956 6.9613519265102175 5.716605177582352 6.7618497397834565 8.105894634218537 7.151749594239548 5.746507061887806 7.513686359379342 7.831347518809519 4.573769635539955 7.685741790393514 8.738404455386831 6.108490774869855 5.257845350634346 7.742716394601722 4.346416195726856 6.437082014737086 7.553802554187829
107 1498 0.818578935135627 0 -67.02444692714046 4.86157808677481 5.114008677745678 7.49695402092356 7.255461318650422 5.859177685440038 8.126188210640606 4.693801512823624 8.27524528422398 6.4226265303415655 5.4378589304308775 6.846449730671667 8.568477057486149 8.499170301250366 5.9154895096228675 5.33452266512374 7.160416747873708 6.3475392020958346 7.21629353637836 7.256809837905756 6.448587793241996 5.707728312780876 8.592987773114718 8.079258173116898 6.1110324556860665 7.599877344562226 6.590010537533393 5.710746664707878 6.660917743446054 6.014615465410662 5.587867481609825 6.853852237510758 6.553561144875141
108 1512 0.8020892765248835 0 -66.89316820180417 5.182235083497753 5.553527529637485 7.093715031160343 7.616663370835562 4.573494410481274 7.758799310104709 5.295055244553419 7.730175335085033 6.318883068643606 5.735200274421821 6.277947308923644 7.884549444740962 7.614997805714566 7.5984763706549145 4.814559951708567 7.267670026127838 5.454865168417975 7.146775181381059 8.363106043129243 4.747048629382535 6.0421833756899845 7.2294621083434265 8.617532187109575 4.623455060301216 7.817967626725059 8.416488397171364 5.2443213198684955 6.722639523253264 7.752496771505566 5.090009989603587 6.410213740893646 8.705508271986961
109 1526 0.7767304770484484 0 -66.60909465977878 6.040159970898684 5.188174426624453 7.027106055557638 8.017691260276226 4.322252767422356 7.311715826049548 5.811034362024822 7.915596738961219 5.591763824753228 6.730161557724983 6.34841231838509 8.329079892221657 7.2013360466394545 7.268915424943172 5.943758952402513 7.5972632341429325 6.649042822145345 7.591681367393267 7.622214147029691 5.473700615592887 4.263207053788291 8.18166667597627 8.77882264746388 4.8458414637800065 7.858953911868559 7.577659910436939 5.228830474098247 6.499245367795089 6.763098308092735 4.451442525941431 6.367160650395881 5.180012498490784
110 1540 0.7577553489293967 0 -66.6034460185747 5.642235307875327 6.34371270941141 5.81714268302985 8.154052885433678 6.4721333336105715 8.411531907563992 5.443149002478281 8.796974282615745 5.1627243569091075 5.729833789167799 6.05686101511083 8.914457778515569 6.473010783691549 6.988563780494973 5.998067505575087 7.666014257945641 7.267533193731337 8.426875704949849 8.194337829455417 5.456854064779772 4.019736387975192 8.357474424606778 8.525618991722897 4.950708111316851 7.458309468636689 8.692822051603322 5.385825459924208 6.564062793814358 7.279317128775846 4.71594648482622 5.8175914121494685 6.27910854475695
111 1554 0.724538637426412 0 -67.07279688464565 6.086375855367571 6.962000858960879 6.605581594326402 7.816764768851785 5.800369386204636 7.313698941292171 5.000234498044728 7.632596140016663 5.445710229889189 5.711980751298647 6.465440366668453 8.550460241023977 7.870989902782057 6.303293126304363 4.592236737457023 7.548315438588211 5.986985674564939 7.999620760061324 8.024079021217169 5.478065406609501 4.484204069163909 9.005038621346003 8.480890811938693 5.949222812631758 5.723217887548289 7.631252860010079 5.82108009285418 7.180202383831919 6.5329860334719125 5.787330872648936 6.977675749760273 6.765299679412136
112 1568 0.7048539166489134 0 -66.81419047414548 5.820023709825323 6.988053422963484 7.648394064166716 7.786742186933947 6.114013105043448 7.783744674227862 3.8899614253611663 8.908358617330679 6.708373390389374 4.652424780328943 7.03848174483479 7.7123792396072375 7.6393643303456855 5.579508578351307 5.286637780465761 7.423699434844703 5.593481170012532 7.591839755626887 8.330566456564966 6.7114025183843395 5.65031281647368 8.598537670162834 8.530015732596002 5.205950977160205 7.297009648906399 7.586797457655802 6.160283353986037 5.654920737137756 6.776140883697687 5.675020316308136 6.4377361736600776 6.141687436738467
113 1582 0.6833832545936102 0 -66.81535916992698 6.274729581051844 7.708127453404142 6.72248838985751 7.693335783115475 5.296577539640033 8.082682503304424 4.463168797878184 7.730664729300146 6.394618720065845 5.666398639258922 6.917830385304261 8.520757312941583 7.504473211586415 6.015340806408586 5.4818153549521815 7.1791417457026885 5.079026367706629 8.375069843402557 7.69403343489747 5.724479796555283 5.171195698588298 8.676239484919591 8.924737118015859 4.645721335274631 7.823242595246433 7.964302823098084 6.4490385135467765 7.233270511246676 7.076552977253128 5.64761247262951 6.997168259053652 6.066490498496217
114 1596 0.6745389105421942 0 -66.79077351023864 6.875986638237679 6.28886873539415 6.448343878479761 6.9381754271470735 5.158386061505922 6.54450896069706 4.47542904419703 8.982376385754689 5.800103673216276 5.748845535646723 5.479225847210638 7.170042275186084 7.191114034862018 5.804916443340337 5.656875728119366 8.448022775996618 6.252694345858432 8.53340711591968 7.362452721765055 5.86945477115223 4.609759593853269 8.71661154581674 7.986844494851184 6.523379076028041 5.749160474499261 7.971301893134672 6.710920416971836 6.187678898489585 7.322234429970715 5.828189234509713 6.816501277876888 5.947272546775723
115 1610 0.6500181226073055 0 -66.94539693761558 5.737898078885638 6.145740396618694 6.929201173505689 7.523846060818981 4.891374712437361 7.899291105492431 4.674913952270435 8.072327476903427 5.621144739066645 5.176750363685713 6.4447846040032 8.765192210941706 6.665825997397249 6.0154099481167 4.898907102037729 7.198528542169752 5.720876975305416 8.262051537113368 8.048154824154995 5.367608637380387 5.67516275756643 7.545375184333281 7.94301830626053 6.34478569002936 7.735739601499029 8.545355917906438 6.3850575898544495 7.935769180710986 7.352638314089253 5.8502182735926285 7.096193213433104 6.451153688122625
116 1624 0.6177861840064579 0 -67.06380591775721 5.869211932518925 6.890784414383593 7.597550542929078 7.4488765111192174 4.356239222657138 7.6553556530459606 4.700810256047744 8.127709213258214 6.287455099541889 5.664304437875522 5.6069784129854074 8.326571825808202 7.534787288922956 6.503411415187093 5.817726119298381 8.4318529791262 5.150050932987366 8.941020964437191 7.709822127828605 5.707445313095018 5.443304933898158 7.924558872839416 8.242489501853456 6.541182550879826 7.458359592760655 8.217927445747794 6.302731784592 6.719483230968734 7.106822373273845 4.985385022259471 6.410666875548216 7.110737206801359
117 1638 0.5811106460741587 0 -67.08679925884853 5.786470673849397 6.207366245296369 6.422267971713069 6.883636058032383 5.498621419853706 6.12007805811267 5.105341681195712 7.913894494486122 5.991156881778528 5.67891004993519 6.586813985133839 8.404698316734375 8.162563706565585 6.489713118239644 4.846237115763569 8.243420598392229 6.023234105238018 8.21946597305918 7.405730463161568 6.216081973823759 5.461999228143104 7.736992562214262 8.308111963643729 5.646364374048877 7.100867476262604 7.9548228910148175 6.928530759700427 6.977432797072053 7.593306756713368 4.054819158835504 7.297656396422418 6.461343816653313
118 1652 0.5541002394256372 0 -67.44283454024661 6.499330740303374 5.952475073596349 7.085276576174564 6.448007466003798 5.122615842322709 7.025887144967882 5.34736396309693 8.172518045974897 6.978100613631801 5.079865718954622 5.938597649824967 8.448722761435953 8.12918275529514 7.301243820481533 5.186467318007479 7.514632520725669 5.847340549278708 7.501833566355342 7.8153484873608114 6.740696765267409 5.596836852471352 7.933003205041338 8.086834748225893 5.466888703199311 5.732287621254317 7.460437299796142 5.586931382287874 6.038360825241714 6.885902393658606 5.052684826777232 7.380359578787726 6.865092161765604
119 1666 0.5381665817091824 0 -67.2164229682121 5.1839039680363985 6.428207075653387 6.67283779911434 5.878780853642856 5.596149669604344 7.86891225159761 5.121122018573297 8.780889032598438 6.394045172262009 5.416864072665199 6.89762831635638 8.588111198604224 7.763635103377958 7.374344789515904 4.700542776384673 7.754291539144677 5.05239732992023 8.589707624595343 7.073865511221703 7.147538502638441 5.972901919696264 8.238469592342867 7.630846916837328 5.775914799041212 6.463445334200538 7.291599141143232 6.161270781541807 6.135151091754067 7.571958551983631 4.682725141989053 7.351846810972525 5.315573028656539
120 1680 0.5177818787709589 0 -67.57709477242676 6.083756589639515 5.871661866079014 6.515626588451248 6.868408769713023 5.113167504273093 7.524784586647419 5.890375807804402 7.381386737968775 6.215359905125512 5.597127722461394 6.037706513666037 8.091129973860646 8.115175955467826 6.447088592397625 5.337774367015188 7.2267997104310355 5.656398640503396 8.386035789871464 7.126061979894959 6.496254583071051 5.494035978500173 8.425739710317458 8.132747037216213 6.753281467454416 6.34525104430053 7.755105133854844 5.657863639573916 6.618713692985445 7.726205093841177 5.99883954707174 7.342511371240747 7.245232931347376
120 1680 0.5177818787709589 0 -67.57709477242676 6.083756589639515 5.871661866079014 6.515626588451248 6.868408769713023 5.113167504273093 7.524784586647419 5.890375807804402 7.381386737968775 6.215359905125512 5.597127722461394 6.037706513666037 8.091129973860646 8.115175955467826 6.447088592397625 5.337774367015188 7.2267997104310355 5.656398640503396 8.386035789871464 7.126061979894959 6.496254583071051 5.494035978500173 8.425739710317458 8.132747037216213 6.753281467454416 6.34525104430053 7.755105133854844 5.657863639573916 6.618713692985445 7.726205093841177 5.99883954707174 7.342511371240747 7.245232931347376
